Initial bestGene:
[0.0457554 0.924622 0.397795 0.506909 0.744679 0.189075 0.25742 0.8947 0.430987]
[0.121921 0.710775 0.351909 0.0460742 0.853702 0.917982 0.263039 0.330739 0.83182]
[0.097793 0.381578 0.39801 0.333668 0.59721 0.0605571 0.262766 0.317392 0.643938]
[0.12069 0.311153 0.931653 0.256944 0.589438 0.251766 0.156965 0.836163 0.35996]
Score: 429496036

bestGene:
[0.104263 0.77017 0.0740493 0.326881 0.843954 0.434493 0.741475 0.665431 0.55197]
[0.554771 0.11426 0.147645 0.442333 0.955924 0.329725 0.0912421 0.884227 0.15727]
[0.786408 0.587089 0.147145 0.177108 0.762745 0.827534 1.09853 0.752961 0.676165]
[0.909603 0.343012 0.548883 0.924849 0.905024 1.09147 0.32945 0.874744 0.193301]
Score: 429496523
============================== End of epoch 0 ==============================

bestGene:
[0.104263 0.77017 0.0740493 0.326881 0.843954 0.434493 0.741475 0.665431 0.55197]
[0.554771 0.11426 0.147645 0.442333 0.955924 0.329725 0.0912421 0.884227 0.15727]
[0.786408 0.587089 0.147145 0.177108 0.762745 0.827534 1.09853 0.752961 0.676165]
[0.909603 0.343012 0.548883 0.924849 0.905024 1.09147 0.32945 0.874744 0.193301]
Score: 429496523
============================== End of epoch 1 ==============================

bestGene:
[0.104263 0.77017 0.0740493 0.326881 0.843954 0.434493 0.741475 0.665431 0.55197]
[0.554771 0.11426 0.147645 0.442333 0.955924 0.329725 0.0912421 0.884227 0.15727]
[0.786408 0.587089 0.147145 0.177108 0.762745 0.827534 1.09853 0.752961 0.676165]
[0.909603 0.343012 0.548883 0.924849 0.905024 1.09147 0.32945 0.874744 0.193301]
Score: 429496523
============================== End of epoch 2 ==============================

bestGene:
[0.104263 0.77017 0.0740493 0.326881 0.843954 0.434493 0.741475 0.665431 0.55197]
[0.554771 0.11426 0.147645 0.442333 0.955924 0.329725 0.0912421 0.884227 0.15727]
[0.786408 0.587089 0.147145 0.177108 0.762745 0.827534 1.09853 0.752961 0.676165]
[0.909603 0.343012 0.548883 0.924849 0.905024 1.09147 0.32945 0.874744 0.193301]
Score: 429496523
============================== End of epoch 3 ==============================

bestGene:
[0.104263 0.77017 0.0740493 0.326881 0.843954 0.434493 0.741475 0.665431 0.55197]
[0.554771 0.11426 0.147645 0.442333 0.955924 0.329725 0.0912421 0.884227 0.15727]
[0.786408 0.587089 0.147145 0.177108 0.762745 0.827534 1.09853 0.752961 0.676165]
[0.909603 0.343012 0.548883 0.924849 0.905024 1.09147 0.32945 0.874744 0.193301]
Score: 429496523
============================== End of epoch 4 ==============================

bestGene:
[0.0909054 0.627544 0.0336289 0.441358 0.802729 0.595614 0.770788 0.641619 0.601383]
[0.723896 0.150041 0.186685 0.354876 1.13017 0.324579 -0.0319503 0.877791 0.0683377]
[0.708619 0.512346 0.081882 0.3211 0.587971 0.87769 1.19981 0.668866 0.626295]
[0.906681 0.611451 0.563171 0.686382 1.04473 1.13622 0.293768 0.98739 0.205999]
Score: 429496544
============================== End of epoch 5 ==============================

bestGene:
[0.156537 0.698539 0.0465823 0.335416 0.679455 0.211571 0.670972 0.74921 0.666261]
[0.643603 0.102428 0.0933321 0.422727 0.952058 0.402996 0.0595717 0.743835 0.120473]
[0.755624 0.631148 0.0813539 0.201782 0.773645 0.901017 1.15217 0.855296 0.730659]
[0.737572 0.368458 0.728206 1.05859 0.780813 1.13346 0.198847 0.699545 0.322872]
Score: 429496549
============================== End of epoch 6 ==============================

bestGene:
[0.156537 0.698539 0.0465823 0.335416 0.679455 0.211571 0.670972 0.74921 0.666261]
[0.643603 0.102428 0.0933321 0.422727 0.952058 0.402996 0.0595717 0.743835 0.120473]
[0.755624 0.631148 0.0813539 0.201782 0.773645 0.901017 1.15217 0.855296 0.730659]
[0.737572 0.368458 0.728206 1.05859 0.780813 1.13346 0.198847 0.699545 0.322872]
Score: 429496549
============================== End of epoch 7 ==============================

bestGene:
[0.156537 0.698539 0.0465823 0.335416 0.679455 0.211571 0.670972 0.74921 0.666261]
[0.643603 0.102428 0.0933321 0.422727 0.952058 0.402996 0.0595717 0.743835 0.120473]
[0.755624 0.631148 0.0813539 0.201782 0.773645 0.901017 1.15217 0.855296 0.730659]
[0.737572 0.368458 0.728206 1.05859 0.780813 1.13346 0.198847 0.699545 0.322872]
Score: 429496549
============================== End of epoch 8 ==============================

bestGene:
[0.156537 0.698539 0.0465823 0.335416 0.679455 0.211571 0.670972 0.74921 0.666261]
[0.643603 0.102428 0.0933321 0.422727 0.952058 0.402996 0.0595717 0.743835 0.120473]
[0.755624 0.631148 0.0813539 0.201782 0.773645 0.901017 1.15217 0.855296 0.730659]
[0.737572 0.368458 0.728206 1.05859 0.780813 1.13346 0.198847 0.699545 0.322872]
Score: 429496549
============================== End of epoch 9 ==============================

bestGene:
[0.156537 0.698539 0.0465823 0.335416 0.679455 0.211571 0.670972 0.74921 0.666261]
[0.643603 0.102428 0.0933321 0.422727 0.952058 0.402996 0.0595717 0.743835 0.120473]
[0.755624 0.631148 0.0813539 0.201782 0.773645 0.901017 1.15217 0.855296 0.730659]
[0.737572 0.368458 0.728206 1.05859 0.780813 1.13346 0.198847 0.699545 0.322872]
Score: 429496549
============================== End of epoch 10 ==============================

bestGene:
[0.125309 0.775818 0.391934 0.32218 0.660305 0.0397498 0.457419 0.815686 0.625144]
[0.696991 -0.0739787 0.511331 0.58971 1.06066 0.33075 0.0189773 0.713839 0.399091]
[0.666716 0.612125 -0.0585663 0.072393 0.82887 0.990365 1.1561 0.908773 0.617335]
[0.709517 0.469992 0.634862 1.03827 1.06541 0.944176 0.207502 0.494469 0.217448]
Score: 429496553
============================== End of epoch 11 ==============================

bestGene:
[0.125309 0.775818 0.391934 0.32218 0.660305 0.0397498 0.457419 0.815686 0.625144]
[0.696991 -0.0739787 0.511331 0.58971 1.06066 0.33075 0.0189773 0.713839 0.399091]
[0.666716 0.612125 -0.0585663 0.072393 0.82887 0.990365 1.1561 0.908773 0.617335]
[0.709517 0.469992 0.634862 1.03827 1.06541 0.944176 0.207502 0.494469 0.217448]
Score: 429496553
============================== End of epoch 12 ==============================

bestGene:
[0.125309 0.775818 0.391934 0.32218 0.660305 0.0397498 0.457419 0.815686 0.625144]
[0.696991 -0.0739787 0.511331 0.58971 1.06066 0.33075 0.0189773 0.713839 0.399091]
[0.666716 0.612125 -0.0585663 0.072393 0.82887 0.990365 1.1561 0.908773 0.617335]
[0.709517 0.469992 0.634862 1.03827 1.06541 0.944176 0.207502 0.494469 0.217448]
Score: 429496553
============================== End of epoch 13 ==============================

bestGene:
[0.125309 0.775818 0.391934 0.32218 0.660305 0.0397498 0.457419 0.815686 0.625144]
[0.696991 -0.0739787 0.511331 0.58971 1.06066 0.33075 0.0189773 0.713839 0.399091]
[0.666716 0.612125 -0.0585663 0.072393 0.82887 0.990365 1.1561 0.908773 0.617335]
[0.709517 0.469992 0.634862 1.03827 1.06541 0.944176 0.207502 0.494469 0.217448]
Score: 429496553
============================== End of epoch 14 ==============================

bestGene:
[0.0147465 0.657653 0.157373 0.341001 0.744457 0.352617 0.632833 0.686542 0.873382]
[0.488854 0.188269 0.0956283 0.464622 0.950577 0.428514 0.0678554 0.778894 0.130965]
[0.626598 0.737366 0.231844 0.198459 0.714974 0.95615 1.11576 0.964495 0.740882]
[0.755527 0.357472 0.749197 1.13474 0.804366 1.04507 0.05622 0.847754 0.39016]
Score: 429496568
============================== End of epoch 15 ==============================

bestGene:
[-0.0313242 0.574809 0.165113 0.458909 0.771093 0.257318 0.65738 0.771433 0.696147]
[0.411896 0.142023 0.133737 0.279026 0.937505 0.602064 0.104988 0.733404 0.106677]
[0.565529 0.642615 0.203402 0.292039 0.671547 1.07423 0.972282 0.809827 0.578107]
[0.740852 0.306534 0.61344 1.23719 0.902615 0.877473 -0.0749811 0.887535 0.555047]
Score: 429496585
============================== End of epoch 16 ==============================

bestGene:
[-0.0313242 0.574809 0.165113 0.458909 0.771093 0.257318 0.65738 0.771433 0.696147]
[0.411896 0.142023 0.133737 0.279026 0.937505 0.602064 0.104988 0.733404 0.106677]
[0.565529 0.642615 0.203402 0.292039 0.671547 1.07423 0.972282 0.809827 0.578107]
[0.740852 0.306534 0.61344 1.23719 0.902615 0.877473 -0.0749811 0.887535 0.555047]
Score: 429496585
============================== End of epoch 17 ==============================

bestGene:
[-0.0313242 0.574809 0.165113 0.458909 0.771093 0.257318 0.65738 0.771433 0.696147]
[0.411896 0.142023 0.133737 0.279026 0.937505 0.602064 0.104988 0.733404 0.106677]
[0.565529 0.642615 0.203402 0.292039 0.671547 1.07423 0.972282 0.809827 0.578107]
[0.740852 0.306534 0.61344 1.23719 0.902615 0.877473 -0.0749811 0.887535 0.555047]
Score: 429496585
============================== End of epoch 18 ==============================

bestGene:
[-0.0313242 0.574809 0.165113 0.458909 0.771093 0.257318 0.65738 0.771433 0.696147]
[0.411896 0.142023 0.133737 0.279026 0.937505 0.602064 0.104988 0.733404 0.106677]
[0.565529 0.642615 0.203402 0.292039 0.671547 1.07423 0.972282 0.809827 0.578107]
[0.740852 0.306534 0.61344 1.23719 0.902615 0.877473 -0.0749811 0.887535 0.555047]
Score: 429496585
============================== End of epoch 19 ==============================

bestGene:
[-0.0313242 0.574809 0.165113 0.458909 0.771093 0.257318 0.65738 0.771433 0.696147]
[0.411896 0.142023 0.133737 0.279026 0.937505 0.602064 0.104988 0.733404 0.106677]
[0.565529 0.642615 0.203402 0.292039 0.671547 1.07423 0.972282 0.809827 0.578107]
[0.740852 0.306534 0.61344 1.23719 0.902615 0.877473 -0.0749811 0.887535 0.555047]
Score: 429496585
============================== End of epoch 20 ==============================

bestGene:
[-0.0313242 0.574809 0.165113 0.458909 0.771093 0.257318 0.65738 0.771433 0.696147]
[0.411896 0.142023 0.133737 0.279026 0.937505 0.602064 0.104988 0.733404 0.106677]
[0.565529 0.642615 0.203402 0.292039 0.671547 1.07423 0.972282 0.809827 0.578107]
[0.740852 0.306534 0.61344 1.23719 0.902615 0.877473 -0.0749811 0.887535 0.555047]
Score: 429496585
============================== End of epoch 21 ==============================

bestGene:
[-0.0313242 0.574809 0.165113 0.458909 0.771093 0.257318 0.65738 0.771433 0.696147]
[0.411896 0.142023 0.133737 0.279026 0.937505 0.602064 0.104988 0.733404 0.106677]
[0.565529 0.642615 0.203402 0.292039 0.671547 1.07423 0.972282 0.809827 0.578107]
[0.740852 0.306534 0.61344 1.23719 0.902615 0.877473 -0.0749811 0.887535 0.555047]
Score: 429496585
============================== End of epoch 22 ==============================

bestGene:
[-0.0313242 0.574809 0.165113 0.458909 0.771093 0.257318 0.65738 0.771433 0.696147]
[0.411896 0.142023 0.133737 0.279026 0.937505 0.602064 0.104988 0.733404 0.106677]
[0.565529 0.642615 0.203402 0.292039 0.671547 1.07423 0.972282 0.809827 0.578107]
[0.740852 0.306534 0.61344 1.23719 0.902615 0.877473 -0.0749811 0.887535 0.555047]
Score: 429496585
============================== End of epoch 23 ==============================

bestGene:
[-0.0313242 0.574809 0.165113 0.458909 0.771093 0.257318 0.65738 0.771433 0.696147]
[0.411896 0.142023 0.133737 0.279026 0.937505 0.602064 0.104988 0.733404 0.106677]
[0.565529 0.642615 0.203402 0.292039 0.671547 1.07423 0.972282 0.809827 0.578107]
[0.740852 0.306534 0.61344 1.23719 0.902615 0.877473 -0.0749811 0.887535 0.555047]
Score: 429496585
============================== End of epoch 24 ==============================

bestGene:
[-0.0313242 0.574809 0.165113 0.458909 0.771093 0.257318 0.65738 0.771433 0.696147]
[0.411896 0.142023 0.133737 0.279026 0.937505 0.602064 0.104988 0.733404 0.106677]
[0.565529 0.642615 0.203402 0.292039 0.671547 1.07423 0.972282 0.809827 0.578107]
[0.740852 0.306534 0.61344 1.23719 0.902615 0.877473 -0.0749811 0.887535 0.555047]
Score: 429496585
============================== End of epoch 25 ==============================

bestGene:
[-0.0313242 0.574809 0.165113 0.458909 0.771093 0.257318 0.65738 0.771433 0.696147]
[0.411896 0.142023 0.133737 0.279026 0.937505 0.602064 0.104988 0.733404 0.106677]
[0.565529 0.642615 0.203402 0.292039 0.671547 1.07423 0.972282 0.809827 0.578107]
[0.740852 0.306534 0.61344 1.23719 0.902615 0.877473 -0.0749811 0.887535 0.555047]
Score: 429496585
============================== End of epoch 26 ==============================

bestGene:
[-0.0313242 0.574809 0.165113 0.458909 0.771093 0.257318 0.65738 0.771433 0.696147]
[0.411896 0.142023 0.133737 0.279026 0.937505 0.602064 0.104988 0.733404 0.106677]
[0.565529 0.642615 0.203402 0.292039 0.671547 1.07423 0.972282 0.809827 0.578107]
[0.740852 0.306534 0.61344 1.23719 0.902615 0.877473 -0.0749811 0.887535 0.555047]
Score: 429496585
============================== End of epoch 27 ==============================

bestGene:
[-0.0313242 0.574809 0.165113 0.458909 0.771093 0.257318 0.65738 0.771433 0.696147]
[0.411896 0.142023 0.133737 0.279026 0.937505 0.602064 0.104988 0.733404 0.106677]
[0.565529 0.642615 0.203402 0.292039 0.671547 1.07423 0.972282 0.809827 0.578107]
[0.740852 0.306534 0.61344 1.23719 0.902615 0.877473 -0.0749811 0.887535 0.555047]
Score: 429496585
============================== End of epoch 28 ==============================

bestGene:
[0.341432 0.748855 0.236243 0.617414 0.708663 -0.0441385 0.32951 0.968787 0.617122]
[0.425298 -0.121817 0.452561 0.794144 1.10394 0.281803 0.257797 0.654844 0.450535]
[0.563775 0.565349 -0.0476008 0.0634045 0.688492 0.843675 1.31456 0.86804 0.453888]
[0.663809 0.416188 0.819158 0.934263 0.990465 1.11049 0.0394425 0.483001 0.0106307]
Score: 429496604
============================== End of epoch 29 ==============================

bestGene:
[0.341432 0.748855 0.236243 0.617414 0.708663 -0.0441385 0.32951 0.968787 0.617122]
[0.425298 -0.121817 0.452561 0.794144 1.10394 0.281803 0.257797 0.654844 0.450535]
[0.563775 0.565349 -0.0476008 0.0634045 0.688492 0.843675 1.31456 0.86804 0.453888]
[0.663809 0.416188 0.819158 0.934263 0.990465 1.11049 0.0394425 0.483001 0.0106307]
Score: 429496604
============================== End of epoch 30 ==============================

bestGene:
[0.341432 0.748855 0.236243 0.617414 0.708663 -0.0441385 0.32951 0.968787 0.617122]
[0.425298 -0.121817 0.452561 0.794144 1.10394 0.281803 0.257797 0.654844 0.450535]
[0.563775 0.565349 -0.0476008 0.0634045 0.688492 0.843675 1.31456 0.86804 0.453888]
[0.663809 0.416188 0.819158 0.934263 0.990465 1.11049 0.0394425 0.483001 0.0106307]
Score: 429496604
============================== End of epoch 31 ==============================

bestGene:
[0.341432 0.748855 0.236243 0.617414 0.708663 -0.0441385 0.32951 0.968787 0.617122]
[0.425298 -0.121817 0.452561 0.794144 1.10394 0.281803 0.257797 0.654844 0.450535]
[0.563775 0.565349 -0.0476008 0.0634045 0.688492 0.843675 1.31456 0.86804 0.453888]
[0.663809 0.416188 0.819158 0.934263 0.990465 1.11049 0.0394425 0.483001 0.0106307]
Score: 429496604
============================== End of epoch 32 ==============================

bestGene:
[0.341432 0.748855 0.236243 0.617414 0.708663 -0.0441385 0.32951 0.968787 0.617122]
[0.425298 -0.121817 0.452561 0.794144 1.10394 0.281803 0.257797 0.654844 0.450535]
[0.563775 0.565349 -0.0476008 0.0634045 0.688492 0.843675 1.31456 0.86804 0.453888]
[0.663809 0.416188 0.819158 0.934263 0.990465 1.11049 0.0394425 0.483001 0.0106307]
Score: 429496604
============================== End of epoch 33 ==============================

bestGene:
[0.233314 0.83401 0.153553 0.558165 0.935873 0.0251733 0.428103 1.11597 0.61607]
[0.555193 -0.108411 0.478777 0.81926 1.16911 0.338342 0.195907 0.735386 0.441049]
[0.610053 0.58877 -0.0513037 -0.0540541 0.758671 0.674159 1.31973 0.738593 0.409334]
[0.588127 0.446506 0.716607 0.852487 0.99826 1.13476 0.119215 0.488718 -0.0238747]
Score: 429496606
============================== End of epoch 34 ==============================

bestGene:
[0.233314 0.83401 0.153553 0.558165 0.935873 0.0251733 0.428103 1.11597 0.61607]
[0.555193 -0.108411 0.478777 0.81926 1.16911 0.338342 0.195907 0.735386 0.441049]
[0.610053 0.58877 -0.0513037 -0.0540541 0.758671 0.674159 1.31973 0.738593 0.409334]
[0.588127 0.446506 0.716607 0.852487 0.99826 1.13476 0.119215 0.488718 -0.0238747]
Score: 429496606
============================== End of epoch 35 ==============================

bestGene:
[0.233314 0.83401 0.153553 0.558165 0.935873 0.0251733 0.428103 1.11597 0.61607]
[0.555193 -0.108411 0.478777 0.81926 1.16911 0.338342 0.195907 0.735386 0.441049]
[0.610053 0.58877 -0.0513037 -0.0540541 0.758671 0.674159 1.31973 0.738593 0.409334]
[0.588127 0.446506 0.716607 0.852487 0.99826 1.13476 0.119215 0.488718 -0.0238747]
Score: 429496606
============================== End of epoch 36 ==============================

bestGene:
[0.233314 0.83401 0.153553 0.558165 0.935873 0.0251733 0.428103 1.11597 0.61607]
[0.555193 -0.108411 0.478777 0.81926 1.16911 0.338342 0.195907 0.735386 0.441049]
[0.610053 0.58877 -0.0513037 -0.0540541 0.758671 0.674159 1.31973 0.738593 0.409334]
[0.588127 0.446506 0.716607 0.852487 0.99826 1.13476 0.119215 0.488718 -0.0238747]
Score: 429496606
============================== End of epoch 37 ==============================

bestGene:
[0.233314 0.83401 0.153553 0.558165 0.935873 0.0251733 0.428103 1.11597 0.61607]
[0.555193 -0.108411 0.478777 0.81926 1.16911 0.338342 0.195907 0.735386 0.441049]
[0.610053 0.58877 -0.0513037 -0.0540541 0.758671 0.674159 1.31973 0.738593 0.409334]
[0.588127 0.446506 0.716607 0.852487 0.99826 1.13476 0.119215 0.488718 -0.0238747]
Score: 429496606
============================== End of epoch 38 ==============================

bestGene:
[0.233314 0.83401 0.153553 0.558165 0.935873 0.0251733 0.428103 1.11597 0.61607]
[0.555193 -0.108411 0.478777 0.81926 1.16911 0.338342 0.195907 0.735386 0.441049]
[0.610053 0.58877 -0.0513037 -0.0540541 0.758671 0.674159 1.31973 0.738593 0.409334]
[0.588127 0.446506 0.716607 0.852487 0.99826 1.13476 0.119215 0.488718 -0.0238747]
Score: 429496606
============================== End of epoch 39 ==============================

bestGene:
[0.233314 0.83401 0.153553 0.558165 0.935873 0.0251733 0.428103 1.11597 0.61607]
[0.555193 -0.108411 0.478777 0.81926 1.16911 0.338342 0.195907 0.735386 0.441049]
[0.610053 0.58877 -0.0513037 -0.0540541 0.758671 0.674159 1.31973 0.738593 0.409334]
[0.588127 0.446506 0.716607 0.852487 0.99826 1.13476 0.119215 0.488718 -0.0238747]
Score: 429496606
============================== End of epoch 40 ==============================

bestGene:
[0.233314 0.83401 0.153553 0.558165 0.935873 0.0251733 0.428103 1.11597 0.61607]
[0.555193 -0.108411 0.478777 0.81926 1.16911 0.338342 0.195907 0.735386 0.441049]
[0.610053 0.58877 -0.0513037 -0.0540541 0.758671 0.674159 1.31973 0.738593 0.409334]
[0.588127 0.446506 0.716607 0.852487 0.99826 1.13476 0.119215 0.488718 -0.0238747]
Score: 429496606
============================== End of epoch 41 ==============================

bestGene:
[0.233314 0.83401 0.153553 0.558165 0.935873 0.0251733 0.428103 1.11597 0.61607]
[0.555193 -0.108411 0.478777 0.81926 1.16911 0.338342 0.195907 0.735386 0.441049]
[0.610053 0.58877 -0.0513037 -0.0540541 0.758671 0.674159 1.31973 0.738593 0.409334]
[0.588127 0.446506 0.716607 0.852487 0.99826 1.13476 0.119215 0.488718 -0.0238747]
Score: 429496606
============================== End of epoch 42 ==============================

bestGene:
[0.233314 0.83401 0.153553 0.558165 0.935873 0.0251733 0.428103 1.11597 0.61607]
[0.555193 -0.108411 0.478777 0.81926 1.16911 0.338342 0.195907 0.735386 0.441049]
[0.610053 0.58877 -0.0513037 -0.0540541 0.758671 0.674159 1.31973 0.738593 0.409334]
[0.588127 0.446506 0.716607 0.852487 0.99826 1.13476 0.119215 0.488718 -0.0238747]
Score: 429496606
============================== End of epoch 43 ==============================

bestGene:
[0.233314 0.83401 0.153553 0.558165 0.935873 0.0251733 0.428103 1.11597 0.61607]
[0.555193 -0.108411 0.478777 0.81926 1.16911 0.338342 0.195907 0.735386 0.441049]
[0.610053 0.58877 -0.0513037 -0.0540541 0.758671 0.674159 1.31973 0.738593 0.409334]
[0.588127 0.446506 0.716607 0.852487 0.99826 1.13476 0.119215 0.488718 -0.0238747]
Score: 429496606
============================== End of epoch 44 ==============================

bestGene:
[0.233314 0.83401 0.153553 0.558165 0.935873 0.0251733 0.428103 1.11597 0.61607]
[0.555193 -0.108411 0.478777 0.81926 1.16911 0.338342 0.195907 0.735386 0.441049]
[0.610053 0.58877 -0.0513037 -0.0540541 0.758671 0.674159 1.31973 0.738593 0.409334]
[0.588127 0.446506 0.716607 0.852487 0.99826 1.13476 0.119215 0.488718 -0.0238747]
Score: 429496606
============================== End of epoch 45 ==============================

bestGene:
[0.609103 0.575913 0.330008 0.690961 0.714538 0.188517 0.302326 1.01293 0.673826]
[0.463631 0.168826 0.546798 0.762116 1.16568 0.431376 0.119809 0.766022 0.489101]
[0.375659 0.484166 0.016081 0.256163 0.646334 1.05227 1.13626 0.754071 0.427708]
[0.895422 0.57991 0.764875 1.24285 0.828434 0.979973 -0.0919604 0.494618 0.285141]
Score: 429496614
============================== End of epoch 46 ==============================

bestGene:
[0.609103 0.575913 0.330008 0.690961 0.714538 0.188517 0.302326 1.01293 0.673826]
[0.463631 0.168826 0.546798 0.762116 1.16568 0.431376 0.119809 0.766022 0.489101]
[0.375659 0.484166 0.016081 0.256163 0.646334 1.05227 1.13626 0.754071 0.427708]
[0.895422 0.57991 0.764875 1.24285 0.828434 0.979973 -0.0919604 0.494618 0.285141]
Score: 429496614
============================== End of epoch 47 ==============================

bestGene:
[0.325974 0.659292 0.168097 0.658231 0.985365 -0.0416816 0.576871 1.2427 0.665449]
[0.663651 -0.00134293 0.348762 0.780103 1.20013 0.269855 0.303158 0.657665 0.552604]
[0.682148 0.393073 -0.14489 -0.0867126 0.644326 0.688726 1.33351 0.867327 0.344627]
[0.75553 0.576399 0.642455 0.874404 1.13531 1.2306 0.250722 0.452263 -0.0330216]
Score: 429496620
============================== End of epoch 48 ==============================

bestGene:
[0.325974 0.659292 0.168097 0.658231 0.985365 -0.0416816 0.576871 1.2427 0.665449]
[0.663651 -0.00134293 0.348762 0.780103 1.20013 0.269855 0.303158 0.657665 0.552604]
[0.682148 0.393073 -0.14489 -0.0867126 0.644326 0.688726 1.33351 0.867327 0.344627]
[0.75553 0.576399 0.642455 0.874404 1.13531 1.2306 0.250722 0.452263 -0.0330216]
Score: 429496620
============================== End of epoch 49 ==============================
