Initial bestGene:
[-0.700613 1.36454 -0.578945 -0.909963 1.34759 0.677065 0.780791 0.344771 0.935731]
[1.309 -1.28586 0.392032 1.23297 -0.322739 -0.016535 -1.46994 0.307434 0.532676]
[-2.22214 0.521744 0.481191 -1.79329 2.53591 -0.138062 0.56906 1.53621 1.83442]
[-0.122591 -0.730472 1.08427 0.188105 -1.26884 -1.14634 0.523445 -0.0838488 -0.77304]
Score: -213

bestGene:
[0.102925 0.412128 1.30635 0.0315812 -1.49166 0.625919 0.945264 0.0391815 0.900338]
[1.05207 0.394496 0.527769 1.17198 1.07168 -0.2756 -0.60043 1.84796 -1.1528]
[-0.543762 2.10887 2.02609 0.96243 -0.848021 1.89549 2.40063 -0.222955 -0.33521]
[-0.509172 0.515676 0.626575 -0.196544 -1.35948 -0.427408 1.41611 0.986752 -0.297011]
Score: 326
============================== End of epoch 0 ==============================

bestGene:
[0.102925 0.412128 1.30635 0.0315812 -1.49166 0.625919 0.945264 0.0391815 0.900338]
[1.05207 0.394496 0.527769 1.17198 1.07168 -0.2756 -0.60043 1.84796 -1.1528]
[-0.543762 2.10887 2.02609 0.96243 -0.848021 1.89549 2.40063 -0.222955 -0.33521]
[-0.509172 0.515676 0.626575 -0.196544 -1.35948 -0.427408 1.41611 0.986752 -0.297011]
Score: 326
============================== End of epoch 1 ==============================

bestGene:
[0.102925 0.412128 1.30635 0.0315812 -1.49166 0.625919 0.945264 0.0391815 0.900338]
[1.05207 0.394496 0.527769 1.17198 1.07168 -0.2756 -0.60043 1.84796 -1.1528]
[-0.543762 2.10887 2.02609 0.96243 -0.848021 1.89549 2.40063 -0.222955 -0.33521]
[-0.509172 0.515676 0.626575 -0.196544 -1.35948 -0.427408 1.41611 0.986752 -0.297011]
Score: 326
============================== End of epoch 2 ==============================

bestGene:
[0.102925 0.412128 1.30635 0.0315812 -1.49166 0.625919 0.945264 0.0391815 0.900338]
[1.05207 0.394496 0.527769 1.17198 1.07168 -0.2756 -0.60043 1.84796 -1.1528]
[-0.543762 2.10887 2.02609 0.96243 -0.848021 1.89549 2.40063 -0.222955 -0.33521]
[-0.509172 0.515676 0.626575 -0.196544 -1.35948 -0.427408 1.41611 0.986752 -0.297011]
Score: 326
============================== End of epoch 3 ==============================

bestGene:
[0.102925 0.412128 1.30635 0.0315812 -1.49166 0.625919 0.945264 0.0391815 0.900338]
[1.05207 0.394496 0.527769 1.17198 1.07168 -0.2756 -0.60043 1.84796 -1.1528]
[-0.543762 2.10887 2.02609 0.96243 -0.848021 1.89549 2.40063 -0.222955 -0.33521]
[-0.509172 0.515676 0.626575 -0.196544 -1.35948 -0.427408 1.41611 0.986752 -0.297011]
Score: 326
============================== End of epoch 4 ==============================

bestGene:
[0.102925 0.412128 1.30635 0.0315812 -1.49166 0.625919 0.945264 0.0391815 0.900338]
[1.05207 0.394496 0.527769 1.17198 1.07168 -0.2756 -0.60043 1.84796 -1.1528]
[-0.543762 2.10887 2.02609 0.96243 -0.848021 1.89549 2.40063 -0.222955 -0.33521]
[-0.509172 0.515676 0.626575 -0.196544 -1.35948 -0.427408 1.41611 0.986752 -0.297011]
Score: 326
============================== End of epoch 5 ==============================

bestGene:
[0.102925 0.412128 1.30635 0.0315812 -1.49166 0.625919 0.945264 0.0391815 0.900338]
[1.05207 0.394496 0.527769 1.17198 1.07168 -0.2756 -0.60043 1.84796 -1.1528]
[-0.543762 2.10887 2.02609 0.96243 -0.848021 1.89549 2.40063 -0.222955 -0.33521]
[-0.509172 0.515676 0.626575 -0.196544 -1.35948 -0.427408 1.41611 0.986752 -0.297011]
Score: 326
============================== End of epoch 6 ==============================

bestGene:
[0.102925 0.412128 1.30635 0.0315812 -1.49166 0.625919 0.945264 0.0391815 0.900338]
[1.05207 0.394496 0.527769 1.17198 1.07168 -0.2756 -0.60043 1.84796 -1.1528]
[-0.543762 2.10887 2.02609 0.96243 -0.848021 1.89549 2.40063 -0.222955 -0.33521]
[-0.509172 0.515676 0.626575 -0.196544 -1.35948 -0.427408 1.41611 0.986752 -0.297011]
Score: 326
============================== End of epoch 7 ==============================

bestGene:
[0.226762 0.736657 1.39211 0.125769 -1.57724 0.412747 0.914859 -0.330952 1.05509]
[1.09118 0.495338 0.533744 1.16141 1.03994 -0.210945 -0.693832 1.79587 -1.34145]
[-0.471079 2.27669 2.0983 0.86854 -0.861694 1.68221 2.16301 -0.680066 -0.427107]
[-0.666636 0.174752 0.737932 -0.613624 -1.69595 -0.451658 1.02764 0.524913 -0.129931]
Score: 329
============================== End of epoch 8 ==============================

bestGene:
[0.226762 0.736657 1.39211 0.125769 -1.57724 0.412747 0.914859 -0.330952 1.05509]
[1.09118 0.495338 0.533744 1.16141 1.03994 -0.210945 -0.693832 1.79587 -1.34145]
[-0.471079 2.27669 2.0983 0.86854 -0.861694 1.68221 2.16301 -0.680066 -0.427107]
[-0.666636 0.174752 0.737932 -0.613624 -1.69595 -0.451658 1.02764 0.524913 -0.129931]
Score: 329
============================== End of epoch 9 ==============================

bestGene:
[0.226762 0.736657 1.39211 0.125769 -1.57724 0.412747 0.914859 -0.330952 1.05509]
[1.09118 0.495338 0.533744 1.16141 1.03994 -0.210945 -0.693832 1.79587 -1.34145]
[-0.471079 2.27669 2.0983 0.86854 -0.861694 1.68221 2.16301 -0.680066 -0.427107]
[-0.666636 0.174752 0.737932 -0.613624 -1.69595 -0.451658 1.02764 0.524913 -0.129931]
Score: 329
============================== End of epoch 10 ==============================

bestGene:
[0.226762 0.736657 1.39211 0.125769 -1.57724 0.412747 0.914859 -0.330952 1.05509]
[1.09118 0.495338 0.533744 1.16141 1.03994 -0.210945 -0.693832 1.79587 -1.34145]
[-0.471079 2.27669 2.0983 0.86854 -0.861694 1.68221 2.16301 -0.680066 -0.427107]
[-0.666636 0.174752 0.737932 -0.613624 -1.69595 -0.451658 1.02764 0.524913 -0.129931]
Score: 329
============================== End of epoch 11 ==============================

bestGene:
[0.226762 0.736657 1.39211 0.125769 -1.57724 0.412747 0.914859 -0.330952 1.05509]
[1.09118 0.495338 0.533744 1.16141 1.03994 -0.210945 -0.693832 1.79587 -1.34145]
[-0.471079 2.27669 2.0983 0.86854 -0.861694 1.68221 2.16301 -0.680066 -0.427107]
[-0.666636 0.174752 0.737932 -0.613624 -1.69595 -0.451658 1.02764 0.524913 -0.129931]
Score: 329
============================== End of epoch 12 ==============================

bestGene:
[0.226762 0.736657 1.39211 0.125769 -1.57724 0.412747 0.914859 -0.330952 1.05509]
[1.09118 0.495338 0.533744 1.16141 1.03994 -0.210945 -0.693832 1.79587 -1.34145]
[-0.471079 2.27669 2.0983 0.86854 -0.861694 1.68221 2.16301 -0.680066 -0.427107]
[-0.666636 0.174752 0.737932 -0.613624 -1.69595 -0.451658 1.02764 0.524913 -0.129931]
Score: 329
============================== End of epoch 13 ==============================

bestGene:
[0.226762 0.736657 1.39211 0.125769 -1.57724 0.412747 0.914859 -0.330952 1.05509]
[1.09118 0.495338 0.533744 1.16141 1.03994 -0.210945 -0.693832 1.79587 -1.34145]
[-0.471079 2.27669 2.0983 0.86854 -0.861694 1.68221 2.16301 -0.680066 -0.427107]
[-0.666636 0.174752 0.737932 -0.613624 -1.69595 -0.451658 1.02764 0.524913 -0.129931]
Score: 329
============================== End of epoch 14 ==============================

bestGene:
[0.226762 0.736657 1.39211 0.125769 -1.57724 0.412747 0.914859 -0.330952 1.05509]
[1.09118 0.495338 0.533744 1.16141 1.03994 -0.210945 -0.693832 1.79587 -1.34145]
[-0.471079 2.27669 2.0983 0.86854 -0.861694 1.68221 2.16301 -0.680066 -0.427107]
[-0.666636 0.174752 0.737932 -0.613624 -1.69595 -0.451658 1.02764 0.524913 -0.129931]
Score: 329
============================== End of epoch 15 ==============================

bestGene:
[0.226762 0.736657 1.39211 0.125769 -1.57724 0.412747 0.914859 -0.330952 1.05509]
[1.09118 0.495338 0.533744 1.16141 1.03994 -0.210945 -0.693832 1.79587 -1.34145]
[-0.471079 2.27669 2.0983 0.86854 -0.861694 1.68221 2.16301 -0.680066 -0.427107]
[-0.666636 0.174752 0.737932 -0.613624 -1.69595 -0.451658 1.02764 0.524913 -0.129931]
Score: 329
============================== End of epoch 16 ==============================

bestGene:
[0.226762 0.736657 1.39211 0.125769 -1.57724 0.412747 0.914859 -0.330952 1.05509]
[1.09118 0.495338 0.533744 1.16141 1.03994 -0.210945 -0.693832 1.79587 -1.34145]
[-0.471079 2.27669 2.0983 0.86854 -0.861694 1.68221 2.16301 -0.680066 -0.427107]
[-0.666636 0.174752 0.737932 -0.613624 -1.69595 -0.451658 1.02764 0.524913 -0.129931]
Score: 329
============================== End of epoch 17 ==============================

bestGene:
[0.226762 0.736657 1.39211 0.125769 -1.57724 0.412747 0.914859 -0.330952 1.05509]
[1.09118 0.495338 0.533744 1.16141 1.03994 -0.210945 -0.693832 1.79587 -1.34145]
[-0.471079 2.27669 2.0983 0.86854 -0.861694 1.68221 2.16301 -0.680066 -0.427107]
[-0.666636 0.174752 0.737932 -0.613624 -1.69595 -0.451658 1.02764 0.524913 -0.129931]
Score: 329
============================== End of epoch 18 ==============================

bestGene:
[0.226762 0.736657 1.39211 0.125769 -1.57724 0.412747 0.914859 -0.330952 1.05509]
[1.09118 0.495338 0.533744 1.16141 1.03994 -0.210945 -0.693832 1.79587 -1.34145]
[-0.471079 2.27669 2.0983 0.86854 -0.861694 1.68221 2.16301 -0.680066 -0.427107]
[-0.666636 0.174752 0.737932 -0.613624 -1.69595 -0.451658 1.02764 0.524913 -0.129931]
Score: 329
============================== End of epoch 19 ==============================

bestGene:
[0.226762 0.736657 1.39211 0.125769 -1.57724 0.412747 0.914859 -0.330952 1.05509]
[1.09118 0.495338 0.533744 1.16141 1.03994 -0.210945 -0.693832 1.79587 -1.34145]
[-0.471079 2.27669 2.0983 0.86854 -0.861694 1.68221 2.16301 -0.680066 -0.427107]
[-0.666636 0.174752 0.737932 -0.613624 -1.69595 -0.451658 1.02764 0.524913 -0.129931]
Score: 329
============================== End of epoch 20 ==============================

bestGene:
[0.226762 0.736657 1.39211 0.125769 -1.57724 0.412747 0.914859 -0.330952 1.05509]
[1.09118 0.495338 0.533744 1.16141 1.03994 -0.210945 -0.693832 1.79587 -1.34145]
[-0.471079 2.27669 2.0983 0.86854 -0.861694 1.68221 2.16301 -0.680066 -0.427107]
[-0.666636 0.174752 0.737932 -0.613624 -1.69595 -0.451658 1.02764 0.524913 -0.129931]
Score: 329
============================== End of epoch 21 ==============================

bestGene:
[0.226762 0.736657 1.39211 0.125769 -1.57724 0.412747 0.914859 -0.330952 1.05509]
[1.09118 0.495338 0.533744 1.16141 1.03994 -0.210945 -0.693832 1.79587 -1.34145]
[-0.471079 2.27669 2.0983 0.86854 -0.861694 1.68221 2.16301 -0.680066 -0.427107]
[-0.666636 0.174752 0.737932 -0.613624 -1.69595 -0.451658 1.02764 0.524913 -0.129931]
Score: 329
============================== End of epoch 22 ==============================

bestGene:
[0.226762 0.736657 1.39211 0.125769 -1.57724 0.412747 0.914859 -0.330952 1.05509]
[1.09118 0.495338 0.533744 1.16141 1.03994 -0.210945 -0.693832 1.79587 -1.34145]
[-0.471079 2.27669 2.0983 0.86854 -0.861694 1.68221 2.16301 -0.680066 -0.427107]
[-0.666636 0.174752 0.737932 -0.613624 -1.69595 -0.451658 1.02764 0.524913 -0.129931]
Score: 329
============================== End of epoch 23 ==============================

bestGene:
[0.226762 0.736657 1.39211 0.125769 -1.57724 0.412747 0.914859 -0.330952 1.05509]
[1.09118 0.495338 0.533744 1.16141 1.03994 -0.210945 -0.693832 1.79587 -1.34145]
[-0.471079 2.27669 2.0983 0.86854 -0.861694 1.68221 2.16301 -0.680066 -0.427107]
[-0.666636 0.174752 0.737932 -0.613624 -1.69595 -0.451658 1.02764 0.524913 -0.129931]
Score: 329
============================== End of epoch 24 ==============================

bestGene:
[0.226762 0.736657 1.39211 0.125769 -1.57724 0.412747 0.914859 -0.330952 1.05509]
[1.09118 0.495338 0.533744 1.16141 1.03994 -0.210945 -0.693832 1.79587 -1.34145]
[-0.471079 2.27669 2.0983 0.86854 -0.861694 1.68221 2.16301 -0.680066 -0.427107]
[-0.666636 0.174752 0.737932 -0.613624 -1.69595 -0.451658 1.02764 0.524913 -0.129931]
Score: 329
============================== End of epoch 25 ==============================

bestGene:
[0.226762 0.736657 1.39211 0.125769 -1.57724 0.412747 0.914859 -0.330952 1.05509]
[1.09118 0.495338 0.533744 1.16141 1.03994 -0.210945 -0.693832 1.79587 -1.34145]
[-0.471079 2.27669 2.0983 0.86854 -0.861694 1.68221 2.16301 -0.680066 -0.427107]
[-0.666636 0.174752 0.737932 -0.613624 -1.69595 -0.451658 1.02764 0.524913 -0.129931]
Score: 329
============================== End of epoch 26 ==============================

bestGene:
[0.226762 0.736657 1.39211 0.125769 -1.57724 0.412747 0.914859 -0.330952 1.05509]
[1.09118 0.495338 0.533744 1.16141 1.03994 -0.210945 -0.693832 1.79587 -1.34145]
[-0.471079 2.27669 2.0983 0.86854 -0.861694 1.68221 2.16301 -0.680066 -0.427107]
[-0.666636 0.174752 0.737932 -0.613624 -1.69595 -0.451658 1.02764 0.524913 -0.129931]
Score: 329
============================== End of epoch 27 ==============================

bestGene:
[0.226762 0.736657 1.39211 0.125769 -1.57724 0.412747 0.914859 -0.330952 1.05509]
[1.09118 0.495338 0.533744 1.16141 1.03994 -0.210945 -0.693832 1.79587 -1.34145]
[-0.471079 2.27669 2.0983 0.86854 -0.861694 1.68221 2.16301 -0.680066 -0.427107]
[-0.666636 0.174752 0.737932 -0.613624 -1.69595 -0.451658 1.02764 0.524913 -0.129931]
Score: 329
============================== End of epoch 28 ==============================

bestGene:
[0.226762 0.736657 1.39211 0.125769 -1.57724 0.412747 0.914859 -0.330952 1.05509]
[1.09118 0.495338 0.533744 1.16141 1.03994 -0.210945 -0.693832 1.79587 -1.34145]
[-0.471079 2.27669 2.0983 0.86854 -0.861694 1.68221 2.16301 -0.680066 -0.427107]
[-0.666636 0.174752 0.737932 -0.613624 -1.69595 -0.451658 1.02764 0.524913 -0.129931]
Score: 329
============================== End of epoch 29 ==============================

bestGene:
[0.226762 0.736657 1.39211 0.125769 -1.57724 0.412747 0.914859 -0.330952 1.05509]
[1.09118 0.495338 0.533744 1.16141 1.03994 -0.210945 -0.693832 1.79587 -1.34145]
[-0.471079 2.27669 2.0983 0.86854 -0.861694 1.68221 2.16301 -0.680066 -0.427107]
[-0.666636 0.174752 0.737932 -0.613624 -1.69595 -0.451658 1.02764 0.524913 -0.129931]
Score: 329
============================== End of epoch 30 ==============================

bestGene:
[0.226762 0.736657 1.39211 0.125769 -1.57724 0.412747 0.914859 -0.330952 1.05509]
[1.09118 0.495338 0.533744 1.16141 1.03994 -0.210945 -0.693832 1.79587 -1.34145]
[-0.471079 2.27669 2.0983 0.86854 -0.861694 1.68221 2.16301 -0.680066 -0.427107]
[-0.666636 0.174752 0.737932 -0.613624 -1.69595 -0.451658 1.02764 0.524913 -0.129931]
Score: 329
============================== End of epoch 31 ==============================

bestGene:
[0.226762 0.736657 1.39211 0.125769 -1.57724 0.412747 0.914859 -0.330952 1.05509]
[1.09118 0.495338 0.533744 1.16141 1.03994 -0.210945 -0.693832 1.79587 -1.34145]
[-0.471079 2.27669 2.0983 0.86854 -0.861694 1.68221 2.16301 -0.680066 -0.427107]
[-0.666636 0.174752 0.737932 -0.613624 -1.69595 -0.451658 1.02764 0.524913 -0.129931]
Score: 329
============================== End of epoch 32 ==============================

bestGene:
[0.172814 0.829289 1.48287 -0.0923745 -1.55312 0.340454 0.88423 -0.413055 1.1644]
[1.10804 0.503681 0.448007 1.11484 1.2491 -0.151444 -0.603071 1.71613 -1.34174]
[-0.664879 2.48275 2.01408 0.946409 -0.866221 1.71846 2.23279 -0.718849 -0.380886]
[-0.849905 0.00557937 0.781727 -0.544284 -1.60316 -0.464659 0.880757 0.451287 -0.21186]
Score: 335
============================== End of epoch 33 ==============================

bestGene:
[0.335757 0.536283 1.48503 0.203775 -1.70447 0.233556 0.960083 -0.348924 0.967909]
[1.03198 0.195333 0.408969 1.16572 1.14073 -0.0835829 -0.671591 1.80576 -1.2095]
[-0.32139 2.49168 2.22595 0.626777 -0.960019 1.81743 2.03019 -0.327283 -0.201678]
[-0.862275 0.279363 0.752189 -0.559601 -1.56735 -0.597916 0.834068 0.561523 -0.21323]
Score: 352
============================== End of epoch 34 ==============================

bestGene:
[0.335757 0.536283 1.48503 0.203775 -1.70447 0.233556 0.960083 -0.348924 0.967909]
[1.03198 0.195333 0.408969 1.16572 1.14073 -0.0835829 -0.671591 1.80576 -1.2095]
[-0.32139 2.49168 2.22595 0.626777 -0.960019 1.81743 2.03019 -0.327283 -0.201678]
[-0.862275 0.279363 0.752189 -0.559601 -1.56735 -0.597916 0.834068 0.561523 -0.21323]
Score: 352
============================== End of epoch 35 ==============================

bestGene:
[0.335757 0.536283 1.48503 0.203775 -1.70447 0.233556 0.960083 -0.348924 0.967909]
[1.03198 0.195333 0.408969 1.16572 1.14073 -0.0835829 -0.671591 1.80576 -1.2095]
[-0.32139 2.49168 2.22595 0.626777 -0.960019 1.81743 2.03019 -0.327283 -0.201678]
[-0.862275 0.279363 0.752189 -0.559601 -1.56735 -0.597916 0.834068 0.561523 -0.21323]
Score: 352
============================== End of epoch 36 ==============================

bestGene:
[0.212449 0.727309 1.49978 0.101156 -1.49398 0.31667 0.900864 -0.360374 1.07624]
[1.10114 0.591241 0.462073 1.03348 1.05472 -0.205348 -0.818277 1.91837 -1.30589]
[-0.542668 2.48087 2.28733 0.869865 -0.891325 1.63341 2.33001 -0.719276 -0.506879]
[-0.606472 0.258889 0.766681 -0.736474 -1.6588 -0.355732 0.822999 0.480598 -0.209749]
Score: 353
============================== End of epoch 37 ==============================

bestGene:
[0.212449 0.727309 1.49978 0.101156 -1.49398 0.31667 0.900864 -0.360374 1.07624]
[1.10114 0.591241 0.462073 1.03348 1.05472 -0.205348 -0.818277 1.91837 -1.30589]
[-0.542668 2.48087 2.28733 0.869865 -0.891325 1.63341 2.33001 -0.719276 -0.506879]
[-0.606472 0.258889 0.766681 -0.736474 -1.6588 -0.355732 0.822999 0.480598 -0.209749]
Score: 353
============================== End of epoch 38 ==============================

bestGene:
[0.212449 0.727309 1.49978 0.101156 -1.49398 0.31667 0.900864 -0.360374 1.07624]
[1.10114 0.591241 0.462073 1.03348 1.05472 -0.205348 -0.818277 1.91837 -1.30589]
[-0.542668 2.48087 2.28733 0.869865 -0.891325 1.63341 2.33001 -0.719276 -0.506879]
[-0.606472 0.258889 0.766681 -0.736474 -1.6588 -0.355732 0.822999 0.480598 -0.209749]
Score: 353
============================== End of epoch 39 ==============================

bestGene:
[0.212449 0.727309 1.49978 0.101156 -1.49398 0.31667 0.900864 -0.360374 1.07624]
[1.10114 0.591241 0.462073 1.03348 1.05472 -0.205348 -0.818277 1.91837 -1.30589]
[-0.542668 2.48087 2.28733 0.869865 -0.891325 1.63341 2.33001 -0.719276 -0.506879]
[-0.606472 0.258889 0.766681 -0.736474 -1.6588 -0.355732 0.822999 0.480598 -0.209749]
Score: 353
============================== End of epoch 40 ==============================

bestGene:
[0.212449 0.727309 1.49978 0.101156 -1.49398 0.31667 0.900864 -0.360374 1.07624]
[1.10114 0.591241 0.462073 1.03348 1.05472 -0.205348 -0.818277 1.91837 -1.30589]
[-0.542668 2.48087 2.28733 0.869865 -0.891325 1.63341 2.33001 -0.719276 -0.506879]
[-0.606472 0.258889 0.766681 -0.736474 -1.6588 -0.355732 0.822999 0.480598 -0.209749]
Score: 353
============================== End of epoch 41 ==============================

bestGene:
[0.212449 0.727309 1.49978 0.101156 -1.49398 0.31667 0.900864 -0.360374 1.07624]
[1.10114 0.591241 0.462073 1.03348 1.05472 -0.205348 -0.818277 1.91837 -1.30589]
[-0.542668 2.48087 2.28733 0.869865 -0.891325 1.63341 2.33001 -0.719276 -0.506879]
[-0.606472 0.258889 0.766681 -0.736474 -1.6588 -0.355732 0.822999 0.480598 -0.209749]
Score: 353
============================== End of epoch 42 ==============================

bestGene:
[0.212449 0.727309 1.49978 0.101156 -1.49398 0.31667 0.900864 -0.360374 1.07624]
[1.10114 0.591241 0.462073 1.03348 1.05472 -0.205348 -0.818277 1.91837 -1.30589]
[-0.542668 2.48087 2.28733 0.869865 -0.891325 1.63341 2.33001 -0.719276 -0.506879]
[-0.606472 0.258889 0.766681 -0.736474 -1.6588 -0.355732 0.822999 0.480598 -0.209749]
Score: 353
============================== End of epoch 43 ==============================

bestGene:
[0.212449 0.727309 1.49978 0.101156 -1.49398 0.31667 0.900864 -0.360374 1.07624]
[1.10114 0.591241 0.462073 1.03348 1.05472 -0.205348 -0.818277 1.91837 -1.30589]
[-0.542668 2.48087 2.28733 0.869865 -0.891325 1.63341 2.33001 -0.719276 -0.506879]
[-0.606472 0.258889 0.766681 -0.736474 -1.6588 -0.355732 0.822999 0.480598 -0.209749]
Score: 353
============================== End of epoch 44 ==============================

bestGene:
[0.212449 0.727309 1.49978 0.101156 -1.49398 0.31667 0.900864 -0.360374 1.07624]
[1.10114 0.591241 0.462073 1.03348 1.05472 -0.205348 -0.818277 1.91837 -1.30589]
[-0.542668 2.48087 2.28733 0.869865 -0.891325 1.63341 2.33001 -0.719276 -0.506879]
[-0.606472 0.258889 0.766681 -0.736474 -1.6588 -0.355732 0.822999 0.480598 -0.209749]
Score: 353
============================== End of epoch 45 ==============================

bestGene:
[0.212449 0.727309 1.49978 0.101156 -1.49398 0.31667 0.900864 -0.360374 1.07624]
[1.10114 0.591241 0.462073 1.03348 1.05472 -0.205348 -0.818277 1.91837 -1.30589]
[-0.542668 2.48087 2.28733 0.869865 -0.891325 1.63341 2.33001 -0.719276 -0.506879]
[-0.606472 0.258889 0.766681 -0.736474 -1.6588 -0.355732 0.822999 0.480598 -0.209749]
Score: 353
============================== End of epoch 46 ==============================

bestGene:
[0.212449 0.727309 1.49978 0.101156 -1.49398 0.31667 0.900864 -0.360374 1.07624]
[1.10114 0.591241 0.462073 1.03348 1.05472 -0.205348 -0.818277 1.91837 -1.30589]
[-0.542668 2.48087 2.28733 0.869865 -0.891325 1.63341 2.33001 -0.719276 -0.506879]
[-0.606472 0.258889 0.766681 -0.736474 -1.6588 -0.355732 0.822999 0.480598 -0.209749]
Score: 353
============================== End of epoch 47 ==============================

bestGene:
[0.212449 0.727309 1.49978 0.101156 -1.49398 0.31667 0.900864 -0.360374 1.07624]
[1.10114 0.591241 0.462073 1.03348 1.05472 -0.205348 -0.818277 1.91837 -1.30589]
[-0.542668 2.48087 2.28733 0.869865 -0.891325 1.63341 2.33001 -0.719276 -0.506879]
[-0.606472 0.258889 0.766681 -0.736474 -1.6588 -0.355732 0.822999 0.480598 -0.209749]
Score: 353
============================== End of epoch 48 ==============================

bestGene:
[0.212449 0.727309 1.49978 0.101156 -1.49398 0.31667 0.900864 -0.360374 1.07624]
[1.10114 0.591241 0.462073 1.03348 1.05472 -0.205348 -0.818277 1.91837 -1.30589]
[-0.542668 2.48087 2.28733 0.869865 -0.891325 1.63341 2.33001 -0.719276 -0.506879]
[-0.606472 0.258889 0.766681 -0.736474 -1.6588 -0.355732 0.822999 0.480598 -0.209749]
Score: 353
============================== End of epoch 49 ==============================

bestGene:
[0.212449 0.727309 1.49978 0.101156 -1.49398 0.31667 0.900864 -0.360374 1.07624]
[1.10114 0.591241 0.462073 1.03348 1.05472 -0.205348 -0.818277 1.91837 -1.30589]
[-0.542668 2.48087 2.28733 0.869865 -0.891325 1.63341 2.33001 -0.719276 -0.506879]
[-0.606472 0.258889 0.766681 -0.736474 -1.6588 -0.355732 0.822999 0.480598 -0.209749]
Score: 353
============================== End of epoch 50 ==============================

bestGene:
[0.212449 0.727309 1.49978 0.101156 -1.49398 0.31667 0.900864 -0.360374 1.07624]
[1.10114 0.591241 0.462073 1.03348 1.05472 -0.205348 -0.818277 1.91837 -1.30589]
[-0.542668 2.48087 2.28733 0.869865 -0.891325 1.63341 2.33001 -0.719276 -0.506879]
[-0.606472 0.258889 0.766681 -0.736474 -1.6588 -0.355732 0.822999 0.480598 -0.209749]
Score: 353
============================== End of epoch 51 ==============================

bestGene:
[0.212449 0.727309 1.49978 0.101156 -1.49398 0.31667 0.900864 -0.360374 1.07624]
[1.10114 0.591241 0.462073 1.03348 1.05472 -0.205348 -0.818277 1.91837 -1.30589]
[-0.542668 2.48087 2.28733 0.869865 -0.891325 1.63341 2.33001 -0.719276 -0.506879]
[-0.606472 0.258889 0.766681 -0.736474 -1.6588 -0.355732 0.822999 0.480598 -0.209749]
Score: 353
============================== End of epoch 52 ==============================

bestGene:
[0.212449 0.727309 1.49978 0.101156 -1.49398 0.31667 0.900864 -0.360374 1.07624]
[1.10114 0.591241 0.462073 1.03348 1.05472 -0.205348 -0.818277 1.91837 -1.30589]
[-0.542668 2.48087 2.28733 0.869865 -0.891325 1.63341 2.33001 -0.719276 -0.506879]
[-0.606472 0.258889 0.766681 -0.736474 -1.6588 -0.355732 0.822999 0.480598 -0.209749]
Score: 353
============================== End of epoch 53 ==============================

bestGene:
[0.212449 0.727309 1.49978 0.101156 -1.49398 0.31667 0.900864 -0.360374 1.07624]
[1.10114 0.591241 0.462073 1.03348 1.05472 -0.205348 -0.818277 1.91837 -1.30589]
[-0.542668 2.48087 2.28733 0.869865 -0.891325 1.63341 2.33001 -0.719276 -0.506879]
[-0.606472 0.258889 0.766681 -0.736474 -1.6588 -0.355732 0.822999 0.480598 -0.209749]
Score: 353
============================== End of epoch 54 ==============================

bestGene:
[0.212449 0.727309 1.49978 0.101156 -1.49398 0.31667 0.900864 -0.360374 1.07624]
[1.10114 0.591241 0.462073 1.03348 1.05472 -0.205348 -0.818277 1.91837 -1.30589]
[-0.542668 2.48087 2.28733 0.869865 -0.891325 1.63341 2.33001 -0.719276 -0.506879]
[-0.606472 0.258889 0.766681 -0.736474 -1.6588 -0.355732 0.822999 0.480598 -0.209749]
Score: 353
============================== End of epoch 55 ==============================

bestGene:
[0.212449 0.727309 1.49978 0.101156 -1.49398 0.31667 0.900864 -0.360374 1.07624]
[1.10114 0.591241 0.462073 1.03348 1.05472 -0.205348 -0.818277 1.91837 -1.30589]
[-0.542668 2.48087 2.28733 0.869865 -0.891325 1.63341 2.33001 -0.719276 -0.506879]
[-0.606472 0.258889 0.766681 -0.736474 -1.6588 -0.355732 0.822999 0.480598 -0.209749]
Score: 353
============================== End of epoch 56 ==============================

bestGene:
[0.212449 0.727309 1.49978 0.101156 -1.49398 0.31667 0.900864 -0.360374 1.07624]
[1.10114 0.591241 0.462073 1.03348 1.05472 -0.205348 -0.818277 1.91837 -1.30589]
[-0.542668 2.48087 2.28733 0.869865 -0.891325 1.63341 2.33001 -0.719276 -0.506879]
[-0.606472 0.258889 0.766681 -0.736474 -1.6588 -0.355732 0.822999 0.480598 -0.209749]
Score: 353
============================== End of epoch 57 ==============================

bestGene:
[0.212449 0.727309 1.49978 0.101156 -1.49398 0.31667 0.900864 -0.360374 1.07624]
[1.10114 0.591241 0.462073 1.03348 1.05472 -0.205348 -0.818277 1.91837 -1.30589]
[-0.542668 2.48087 2.28733 0.869865 -0.891325 1.63341 2.33001 -0.719276 -0.506879]
[-0.606472 0.258889 0.766681 -0.736474 -1.6588 -0.355732 0.822999 0.480598 -0.209749]
Score: 353
============================== End of epoch 58 ==============================

bestGene:
[0.212449 0.727309 1.49978 0.101156 -1.49398 0.31667 0.900864 -0.360374 1.07624]
[1.10114 0.591241 0.462073 1.03348 1.05472 -0.205348 -0.818277 1.91837 -1.30589]
[-0.542668 2.48087 2.28733 0.869865 -0.891325 1.63341 2.33001 -0.719276 -0.506879]
[-0.606472 0.258889 0.766681 -0.736474 -1.6588 -0.355732 0.822999 0.480598 -0.209749]
Score: 353
============================== End of epoch 59 ==============================

bestGene:
[0.212449 0.727309 1.49978 0.101156 -1.49398 0.31667 0.900864 -0.360374 1.07624]
[1.10114 0.591241 0.462073 1.03348 1.05472 -0.205348 -0.818277 1.91837 -1.30589]
[-0.542668 2.48087 2.28733 0.869865 -0.891325 1.63341 2.33001 -0.719276 -0.506879]
[-0.606472 0.258889 0.766681 -0.736474 -1.6588 -0.355732 0.822999 0.480598 -0.209749]
Score: 353
============================== End of epoch 60 ==============================

bestGene:
[0.212449 0.727309 1.49978 0.101156 -1.49398 0.31667 0.900864 -0.360374 1.07624]
[1.10114 0.591241 0.462073 1.03348 1.05472 -0.205348 -0.818277 1.91837 -1.30589]
[-0.542668 2.48087 2.28733 0.869865 -0.891325 1.63341 2.33001 -0.719276 -0.506879]
[-0.606472 0.258889 0.766681 -0.736474 -1.6588 -0.355732 0.822999 0.480598 -0.209749]
Score: 353
============================== End of epoch 61 ==============================

bestGene:
[0.212449 0.727309 1.49978 0.101156 -1.49398 0.31667 0.900864 -0.360374 1.07624]
[1.10114 0.591241 0.462073 1.03348 1.05472 -0.205348 -0.818277 1.91837 -1.30589]
[-0.542668 2.48087 2.28733 0.869865 -0.891325 1.63341 2.33001 -0.719276 -0.506879]
[-0.606472 0.258889 0.766681 -0.736474 -1.6588 -0.355732 0.822999 0.480598 -0.209749]
Score: 353
============================== End of epoch 62 ==============================

bestGene:
[0.212449 0.727309 1.49978 0.101156 -1.49398 0.31667 0.900864 -0.360374 1.07624]
[1.10114 0.591241 0.462073 1.03348 1.05472 -0.205348 -0.818277 1.91837 -1.30589]
[-0.542668 2.48087 2.28733 0.869865 -0.891325 1.63341 2.33001 -0.719276 -0.506879]
[-0.606472 0.258889 0.766681 -0.736474 -1.6588 -0.355732 0.822999 0.480598 -0.209749]
Score: 353
============================== End of epoch 63 ==============================

bestGene:
[0.212449 0.727309 1.49978 0.101156 -1.49398 0.31667 0.900864 -0.360374 1.07624]
[1.10114 0.591241 0.462073 1.03348 1.05472 -0.205348 -0.818277 1.91837 -1.30589]
[-0.542668 2.48087 2.28733 0.869865 -0.891325 1.63341 2.33001 -0.719276 -0.506879]
[-0.606472 0.258889 0.766681 -0.736474 -1.6588 -0.355732 0.822999 0.480598 -0.209749]
Score: 353
============================== End of epoch 64 ==============================

bestGene:
[0.212449 0.727309 1.49978 0.101156 -1.49398 0.31667 0.900864 -0.360374 1.07624]
[1.10114 0.591241 0.462073 1.03348 1.05472 -0.205348 -0.818277 1.91837 -1.30589]
[-0.542668 2.48087 2.28733 0.869865 -0.891325 1.63341 2.33001 -0.719276 -0.506879]
[-0.606472 0.258889 0.766681 -0.736474 -1.6588 -0.355732 0.822999 0.480598 -0.209749]
Score: 353
============================== End of epoch 65 ==============================

bestGene:
[0.212449 0.727309 1.49978 0.101156 -1.49398 0.31667 0.900864 -0.360374 1.07624]
[1.10114 0.591241 0.462073 1.03348 1.05472 -0.205348 -0.818277 1.91837 -1.30589]
[-0.542668 2.48087 2.28733 0.869865 -0.891325 1.63341 2.33001 -0.719276 -0.506879]
[-0.606472 0.258889 0.766681 -0.736474 -1.6588 -0.355732 0.822999 0.480598 -0.209749]
Score: 353
============================== End of epoch 66 ==============================

bestGene:
[0.212449 0.727309 1.49978 0.101156 -1.49398 0.31667 0.900864 -0.360374 1.07624]
[1.10114 0.591241 0.462073 1.03348 1.05472 -0.205348 -0.818277 1.91837 -1.30589]
[-0.542668 2.48087 2.28733 0.869865 -0.891325 1.63341 2.33001 -0.719276 -0.506879]
[-0.606472 0.258889 0.766681 -0.736474 -1.6588 -0.355732 0.822999 0.480598 -0.209749]
Score: 353
============================== End of epoch 67 ==============================

bestGene:
[0.212449 0.727309 1.49978 0.101156 -1.49398 0.31667 0.900864 -0.360374 1.07624]
[1.10114 0.591241 0.462073 1.03348 1.05472 -0.205348 -0.818277 1.91837 -1.30589]
[-0.542668 2.48087 2.28733 0.869865 -0.891325 1.63341 2.33001 -0.719276 -0.506879]
[-0.606472 0.258889 0.766681 -0.736474 -1.6588 -0.355732 0.822999 0.480598 -0.209749]
Score: 353
============================== End of epoch 68 ==============================

bestGene:
[0.212449 0.727309 1.49978 0.101156 -1.49398 0.31667 0.900864 -0.360374 1.07624]
[1.10114 0.591241 0.462073 1.03348 1.05472 -0.205348 -0.818277 1.91837 -1.30589]
[-0.542668 2.48087 2.28733 0.869865 -0.891325 1.63341 2.33001 -0.719276 -0.506879]
[-0.606472 0.258889 0.766681 -0.736474 -1.6588 -0.355732 0.822999 0.480598 -0.209749]
Score: 353
============================== End of epoch 69 ==============================

bestGene:
[0.212449 0.727309 1.49978 0.101156 -1.49398 0.31667 0.900864 -0.360374 1.07624]
[1.10114 0.591241 0.462073 1.03348 1.05472 -0.205348 -0.818277 1.91837 -1.30589]
[-0.542668 2.48087 2.28733 0.869865 -0.891325 1.63341 2.33001 -0.719276 -0.506879]
[-0.606472 0.258889 0.766681 -0.736474 -1.6588 -0.355732 0.822999 0.480598 -0.209749]
Score: 353
============================== End of epoch 70 ==============================

bestGene:
[0.212449 0.727309 1.49978 0.101156 -1.49398 0.31667 0.900864 -0.360374 1.07624]
[1.10114 0.591241 0.462073 1.03348 1.05472 -0.205348 -0.818277 1.91837 -1.30589]
[-0.542668 2.48087 2.28733 0.869865 -0.891325 1.63341 2.33001 -0.719276 -0.506879]
[-0.606472 0.258889 0.766681 -0.736474 -1.6588 -0.355732 0.822999 0.480598 -0.209749]
Score: 353
============================== End of epoch 71 ==============================

bestGene:
[0.212449 0.727309 1.49978 0.101156 -1.49398 0.31667 0.900864 -0.360374 1.07624]
[1.10114 0.591241 0.462073 1.03348 1.05472 -0.205348 -0.818277 1.91837 -1.30589]
[-0.542668 2.48087 2.28733 0.869865 -0.891325 1.63341 2.33001 -0.719276 -0.506879]
[-0.606472 0.258889 0.766681 -0.736474 -1.6588 -0.355732 0.822999 0.480598 -0.209749]
Score: 353
============================== End of epoch 72 ==============================

bestGene:
[0.212449 0.727309 1.49978 0.101156 -1.49398 0.31667 0.900864 -0.360374 1.07624]
[1.10114 0.591241 0.462073 1.03348 1.05472 -0.205348 -0.818277 1.91837 -1.30589]
[-0.542668 2.48087 2.28733 0.869865 -0.891325 1.63341 2.33001 -0.719276 -0.506879]
[-0.606472 0.258889 0.766681 -0.736474 -1.6588 -0.355732 0.822999 0.480598 -0.209749]
Score: 353
============================== End of epoch 73 ==============================

bestGene:
[0.212449 0.727309 1.49978 0.101156 -1.49398 0.31667 0.900864 -0.360374 1.07624]
[1.10114 0.591241 0.462073 1.03348 1.05472 -0.205348 -0.818277 1.91837 -1.30589]
[-0.542668 2.48087 2.28733 0.869865 -0.891325 1.63341 2.33001 -0.719276 -0.506879]
[-0.606472 0.258889 0.766681 -0.736474 -1.6588 -0.355732 0.822999 0.480598 -0.209749]
Score: 353
============================== End of epoch 74 ==============================

bestGene:
[0.212449 0.727309 1.49978 0.101156 -1.49398 0.31667 0.900864 -0.360374 1.07624]
[1.10114 0.591241 0.462073 1.03348 1.05472 -0.205348 -0.818277 1.91837 -1.30589]
[-0.542668 2.48087 2.28733 0.869865 -0.891325 1.63341 2.33001 -0.719276 -0.506879]
[-0.606472 0.258889 0.766681 -0.736474 -1.6588 -0.355732 0.822999 0.480598 -0.209749]
Score: 353
============================== End of epoch 75 ==============================

bestGene:
[0.212449 0.727309 1.49978 0.101156 -1.49398 0.31667 0.900864 -0.360374 1.07624]
[1.10114 0.591241 0.462073 1.03348 1.05472 -0.205348 -0.818277 1.91837 -1.30589]
[-0.542668 2.48087 2.28733 0.869865 -0.891325 1.63341 2.33001 -0.719276 -0.506879]
[-0.606472 0.258889 0.766681 -0.736474 -1.6588 -0.355732 0.822999 0.480598 -0.209749]
Score: 353
============================== End of epoch 76 ==============================

bestGene:
[0.212449 0.727309 1.49978 0.101156 -1.49398 0.31667 0.900864 -0.360374 1.07624]
[1.10114 0.591241 0.462073 1.03348 1.05472 -0.205348 -0.818277 1.91837 -1.30589]
[-0.542668 2.48087 2.28733 0.869865 -0.891325 1.63341 2.33001 -0.719276 -0.506879]
[-0.606472 0.258889 0.766681 -0.736474 -1.6588 -0.355732 0.822999 0.480598 -0.209749]
Score: 353
============================== End of epoch 77 ==============================

bestGene:
[0.212449 0.727309 1.49978 0.101156 -1.49398 0.31667 0.900864 -0.360374 1.07624]
[1.10114 0.591241 0.462073 1.03348 1.05472 -0.205348 -0.818277 1.91837 -1.30589]
[-0.542668 2.48087 2.28733 0.869865 -0.891325 1.63341 2.33001 -0.719276 -0.506879]
[-0.606472 0.258889 0.766681 -0.736474 -1.6588 -0.355732 0.822999 0.480598 -0.209749]
Score: 353
============================== End of epoch 78 ==============================

bestGene:
[0.212449 0.727309 1.49978 0.101156 -1.49398 0.31667 0.900864 -0.360374 1.07624]
[1.10114 0.591241 0.462073 1.03348 1.05472 -0.205348 -0.818277 1.91837 -1.30589]
[-0.542668 2.48087 2.28733 0.869865 -0.891325 1.63341 2.33001 -0.719276 -0.506879]
[-0.606472 0.258889 0.766681 -0.736474 -1.6588 -0.355732 0.822999 0.480598 -0.209749]
Score: 353
============================== End of epoch 79 ==============================

bestGene:
[0.212449 0.727309 1.49978 0.101156 -1.49398 0.31667 0.900864 -0.360374 1.07624]
[1.10114 0.591241 0.462073 1.03348 1.05472 -0.205348 -0.818277 1.91837 -1.30589]
[-0.542668 2.48087 2.28733 0.869865 -0.891325 1.63341 2.33001 -0.719276 -0.506879]
[-0.606472 0.258889 0.766681 -0.736474 -1.6588 -0.355732 0.822999 0.480598 -0.209749]
Score: 353
============================== End of epoch 80 ==============================

bestGene:
[0.212449 0.727309 1.49978 0.101156 -1.49398 0.31667 0.900864 -0.360374 1.07624]
[1.10114 0.591241 0.462073 1.03348 1.05472 -0.205348 -0.818277 1.91837 -1.30589]
[-0.542668 2.48087 2.28733 0.869865 -0.891325 1.63341 2.33001 -0.719276 -0.506879]
[-0.606472 0.258889 0.766681 -0.736474 -1.6588 -0.355732 0.822999 0.480598 -0.209749]
Score: 353
============================== End of epoch 81 ==============================

bestGene:
[0.212449 0.727309 1.49978 0.101156 -1.49398 0.31667 0.900864 -0.360374 1.07624]
[1.10114 0.591241 0.462073 1.03348 1.05472 -0.205348 -0.818277 1.91837 -1.30589]
[-0.542668 2.48087 2.28733 0.869865 -0.891325 1.63341 2.33001 -0.719276 -0.506879]
[-0.606472 0.258889 0.766681 -0.736474 -1.6588 -0.355732 0.822999 0.480598 -0.209749]
Score: 353
============================== End of epoch 82 ==============================

bestGene:
[0.212449 0.727309 1.49978 0.101156 -1.49398 0.31667 0.900864 -0.360374 1.07624]
[1.10114 0.591241 0.462073 1.03348 1.05472 -0.205348 -0.818277 1.91837 -1.30589]
[-0.542668 2.48087 2.28733 0.869865 -0.891325 1.63341 2.33001 -0.719276 -0.506879]
[-0.606472 0.258889 0.766681 -0.736474 -1.6588 -0.355732 0.822999 0.480598 -0.209749]
Score: 353
============================== End of epoch 83 ==============================

bestGene:
[0.212449 0.727309 1.49978 0.101156 -1.49398 0.31667 0.900864 -0.360374 1.07624]
[1.10114 0.591241 0.462073 1.03348 1.05472 -0.205348 -0.818277 1.91837 -1.30589]
[-0.542668 2.48087 2.28733 0.869865 -0.891325 1.63341 2.33001 -0.719276 -0.506879]
[-0.606472 0.258889 0.766681 -0.736474 -1.6588 -0.355732 0.822999 0.480598 -0.209749]
Score: 353
============================== End of epoch 84 ==============================

bestGene:
[0.212449 0.727309 1.49978 0.101156 -1.49398 0.31667 0.900864 -0.360374 1.07624]
[1.10114 0.591241 0.462073 1.03348 1.05472 -0.205348 -0.818277 1.91837 -1.30589]
[-0.542668 2.48087 2.28733 0.869865 -0.891325 1.63341 2.33001 -0.719276 -0.506879]
[-0.606472 0.258889 0.766681 -0.736474 -1.6588 -0.355732 0.822999 0.480598 -0.209749]
Score: 353
============================== End of epoch 85 ==============================

bestGene:
[0.212449 0.727309 1.49978 0.101156 -1.49398 0.31667 0.900864 -0.360374 1.07624]
[1.10114 0.591241 0.462073 1.03348 1.05472 -0.205348 -0.818277 1.91837 -1.30589]
[-0.542668 2.48087 2.28733 0.869865 -0.891325 1.63341 2.33001 -0.719276 -0.506879]
[-0.606472 0.258889 0.766681 -0.736474 -1.6588 -0.355732 0.822999 0.480598 -0.209749]
Score: 353
============================== End of epoch 86 ==============================

bestGene:
[0.212449 0.727309 1.49978 0.101156 -1.49398 0.31667 0.900864 -0.360374 1.07624]
[1.10114 0.591241 0.462073 1.03348 1.05472 -0.205348 -0.818277 1.91837 -1.30589]
[-0.542668 2.48087 2.28733 0.869865 -0.891325 1.63341 2.33001 -0.719276 -0.506879]
[-0.606472 0.258889 0.766681 -0.736474 -1.6588 -0.355732 0.822999 0.480598 -0.209749]
Score: 353
============================== End of epoch 87 ==============================

bestGene:
[0.212449 0.727309 1.49978 0.101156 -1.49398 0.31667 0.900864 -0.360374 1.07624]
[1.10114 0.591241 0.462073 1.03348 1.05472 -0.205348 -0.818277 1.91837 -1.30589]
[-0.542668 2.48087 2.28733 0.869865 -0.891325 1.63341 2.33001 -0.719276 -0.506879]
[-0.606472 0.258889 0.766681 -0.736474 -1.6588 -0.355732 0.822999 0.480598 -0.209749]
Score: 353
============================== End of epoch 88 ==============================

bestGene:
[0.212449 0.727309 1.49978 0.101156 -1.49398 0.31667 0.900864 -0.360374 1.07624]
[1.10114 0.591241 0.462073 1.03348 1.05472 -0.205348 -0.818277 1.91837 -1.30589]
[-0.542668 2.48087 2.28733 0.869865 -0.891325 1.63341 2.33001 -0.719276 -0.506879]
[-0.606472 0.258889 0.766681 -0.736474 -1.6588 -0.355732 0.822999 0.480598 -0.209749]
Score: 353
============================== End of epoch 89 ==============================

bestGene:
[0.212449 0.727309 1.49978 0.101156 -1.49398 0.31667 0.900864 -0.360374 1.07624]
[1.10114 0.591241 0.462073 1.03348 1.05472 -0.205348 -0.818277 1.91837 -1.30589]
[-0.542668 2.48087 2.28733 0.869865 -0.891325 1.63341 2.33001 -0.719276 -0.506879]
[-0.606472 0.258889 0.766681 -0.736474 -1.6588 -0.355732 0.822999 0.480598 -0.209749]
Score: 353
============================== End of epoch 90 ==============================

bestGene:
[0.212449 0.727309 1.49978 0.101156 -1.49398 0.31667 0.900864 -0.360374 1.07624]
[1.10114 0.591241 0.462073 1.03348 1.05472 -0.205348 -0.818277 1.91837 -1.30589]
[-0.542668 2.48087 2.28733 0.869865 -0.891325 1.63341 2.33001 -0.719276 -0.506879]
[-0.606472 0.258889 0.766681 -0.736474 -1.6588 -0.355732 0.822999 0.480598 -0.209749]
Score: 353
============================== End of epoch 91 ==============================

bestGene:
[0.212449 0.727309 1.49978 0.101156 -1.49398 0.31667 0.900864 -0.360374 1.07624]
[1.10114 0.591241 0.462073 1.03348 1.05472 -0.205348 -0.818277 1.91837 -1.30589]
[-0.542668 2.48087 2.28733 0.869865 -0.891325 1.63341 2.33001 -0.719276 -0.506879]
[-0.606472 0.258889 0.766681 -0.736474 -1.6588 -0.355732 0.822999 0.480598 -0.209749]
Score: 353
============================== End of epoch 92 ==============================

bestGene:
[0.212449 0.727309 1.49978 0.101156 -1.49398 0.31667 0.900864 -0.360374 1.07624]
[1.10114 0.591241 0.462073 1.03348 1.05472 -0.205348 -0.818277 1.91837 -1.30589]
[-0.542668 2.48087 2.28733 0.869865 -0.891325 1.63341 2.33001 -0.719276 -0.506879]
[-0.606472 0.258889 0.766681 -0.736474 -1.6588 -0.355732 0.822999 0.480598 -0.209749]
Score: 353
============================== End of epoch 93 ==============================

bestGene:
[0.212449 0.727309 1.49978 0.101156 -1.49398 0.31667 0.900864 -0.360374 1.07624]
[1.10114 0.591241 0.462073 1.03348 1.05472 -0.205348 -0.818277 1.91837 -1.30589]
[-0.542668 2.48087 2.28733 0.869865 -0.891325 1.63341 2.33001 -0.719276 -0.506879]
[-0.606472 0.258889 0.766681 -0.736474 -1.6588 -0.355732 0.822999 0.480598 -0.209749]
Score: 353
============================== End of epoch 94 ==============================

bestGene:
[0.212449 0.727309 1.49978 0.101156 -1.49398 0.31667 0.900864 -0.360374 1.07624]
[1.10114 0.591241 0.462073 1.03348 1.05472 -0.205348 -0.818277 1.91837 -1.30589]
[-0.542668 2.48087 2.28733 0.869865 -0.891325 1.63341 2.33001 -0.719276 -0.506879]
[-0.606472 0.258889 0.766681 -0.736474 -1.6588 -0.355732 0.822999 0.480598 -0.209749]
Score: 353
============================== End of epoch 95 ==============================

bestGene:
[0.212449 0.727309 1.49978 0.101156 -1.49398 0.31667 0.900864 -0.360374 1.07624]
[1.10114 0.591241 0.462073 1.03348 1.05472 -0.205348 -0.818277 1.91837 -1.30589]
[-0.542668 2.48087 2.28733 0.869865 -0.891325 1.63341 2.33001 -0.719276 -0.506879]
[-0.606472 0.258889 0.766681 -0.736474 -1.6588 -0.355732 0.822999 0.480598 -0.209749]
Score: 353
============================== End of epoch 96 ==============================

bestGene:
[0.212449 0.727309 1.49978 0.101156 -1.49398 0.31667 0.900864 -0.360374 1.07624]
[1.10114 0.591241 0.462073 1.03348 1.05472 -0.205348 -0.818277 1.91837 -1.30589]
[-0.542668 2.48087 2.28733 0.869865 -0.891325 1.63341 2.33001 -0.719276 -0.506879]
[-0.606472 0.258889 0.766681 -0.736474 -1.6588 -0.355732 0.822999 0.480598 -0.209749]
Score: 353
============================== End of epoch 97 ==============================

bestGene:
[0.212449 0.727309 1.49978 0.101156 -1.49398 0.31667 0.900864 -0.360374 1.07624]
[1.10114 0.591241 0.462073 1.03348 1.05472 -0.205348 -0.818277 1.91837 -1.30589]
[-0.542668 2.48087 2.28733 0.869865 -0.891325 1.63341 2.33001 -0.719276 -0.506879]
[-0.606472 0.258889 0.766681 -0.736474 -1.6588 -0.355732 0.822999 0.480598 -0.209749]
Score: 353
============================== End of epoch 98 ==============================

bestGene:
[0.212449 0.727309 1.49978 0.101156 -1.49398 0.31667 0.900864 -0.360374 1.07624]
[1.10114 0.591241 0.462073 1.03348 1.05472 -0.205348 -0.818277 1.91837 -1.30589]
[-0.542668 2.48087 2.28733 0.869865 -0.891325 1.63341 2.33001 -0.719276 -0.506879]
[-0.606472 0.258889 0.766681 -0.736474 -1.6588 -0.355732 0.822999 0.480598 -0.209749]
Score: 353
============================== End of epoch 99 ==============================
