Initial bestGene:
[-0.700613 1.36454 -0.578945 -0.909963 1.34759 0.677065 0.780791 0.344771 0.935731]
[1.309 -1.28586 0.392032 1.23297 -0.322739 -0.016535 -1.46994 0.307434 0.532676]
[-2.22214 0.521744 0.481191 -1.79329 2.53591 -0.138062 0.56906 1.53621 1.83442]
[-0.122591 -0.730472 1.08427 0.188105 -1.26884 -1.14634 0.523445 -0.0838488 -0.77304]
Score: -463

bestGene:
[0.213901 0.159526 -0.0278124 -1.25891 1.48082 -1.41389 -0.323828 -0.78146 1.14654]
[0.365689 0.358185 -0.550621 0.222567 -0.600105 2.17133 -1.05324 0.589596 -0.496794]
[-1.19857 1.26024 0.451791 0.96161 0.518135 -0.74157 -0.142586 -0.150829 -1.63677]
[1.31225 -2.09724 -0.550566 -0.713144 -0.630161 1.54822 -2.29305 -0.988346 0.906894]
Score: -28
============================== End of epoch 0 ==============================

bestGene:
[0.213901 0.159526 -0.0278124 -1.25891 1.48082 -1.41389 -0.323828 -0.78146 1.14654]
[0.365689 0.358185 -0.550621 0.222567 -0.600105 2.17133 -1.05324 0.589596 -0.496794]
[-1.19857 1.26024 0.451791 0.96161 0.518135 -0.74157 -0.142586 -0.150829 -1.63677]
[1.31225 -2.09724 -0.550566 -0.713144 -0.630161 1.54822 -2.29305 -0.988346 0.906894]
Score: -28
============================== End of epoch 1 ==============================

bestGene:
[0.213901 0.159526 -0.0278124 -1.25891 1.48082 -1.41389 -0.323828 -0.78146 1.14654]
[0.365689 0.358185 -0.550621 0.222567 -0.600105 2.17133 -1.05324 0.589596 -0.496794]
[-1.19857 1.26024 0.451791 0.96161 0.518135 -0.74157 -0.142586 -0.150829 -1.63677]
[1.31225 -2.09724 -0.550566 -0.713144 -0.630161 1.54822 -2.29305 -0.988346 0.906894]
Score: -28
============================== End of epoch 2 ==============================

bestGene:
[0.213901 0.159526 -0.0278124 -1.25891 1.48082 -1.41389 -0.323828 -0.78146 1.14654]
[0.365689 0.358185 -0.550621 0.222567 -0.600105 2.17133 -1.05324 0.589596 -0.496794]
[-1.19857 1.26024 0.451791 0.96161 0.518135 -0.74157 -0.142586 -0.150829 -1.63677]
[1.31225 -2.09724 -0.550566 -0.713144 -0.630161 1.54822 -2.29305 -0.988346 0.906894]
Score: -28
============================== End of epoch 3 ==============================

bestGene:
[0.213901 0.159526 -0.0278124 -1.25891 1.48082 -1.41389 -0.323828 -0.78146 1.14654]
[0.365689 0.358185 -0.550621 0.222567 -0.600105 2.17133 -1.05324 0.589596 -0.496794]
[-1.19857 1.26024 0.451791 0.96161 0.518135 -0.74157 -0.142586 -0.150829 -1.63677]
[1.31225 -2.09724 -0.550566 -0.713144 -0.630161 1.54822 -2.29305 -0.988346 0.906894]
Score: -28
============================== End of epoch 4 ==============================

bestGene:
[0.00497229 -0.0525694 -0.221349 -1.2994 1.36212 -1.78821 -0.320377 -0.802335 1.1995]
[0.342823 0.409052 -0.318865 0.267657 -0.492961 2.24225 -0.981912 0.424114 -0.364368]
[-1.21391 1.15608 0.904286 0.618695 0.685531 -1.01845 -0.127815 -0.127137 -1.59961]
[1.06321 -2.07571 -0.495969 -0.867346 -0.894722 1.50948 -2.476 -0.704417 1.14671]
Score: 0
============================== End of epoch 5 ==============================

bestGene:
[0.00497229 -0.0525694 -0.221349 -1.2994 1.36212 -1.78821 -0.320377 -0.802335 1.1995]
[0.342823 0.409052 -0.318865 0.267657 -0.492961 2.24225 -0.981912 0.424114 -0.364368]
[-1.21391 1.15608 0.904286 0.618695 0.685531 -1.01845 -0.127815 -0.127137 -1.59961]
[1.06321 -2.07571 -0.495969 -0.867346 -0.894722 1.50948 -2.476 -0.704417 1.14671]
Score: 0
============================== End of epoch 6 ==============================

bestGene:
[0.00497229 -0.0525694 -0.221349 -1.2994 1.36212 -1.78821 -0.320377 -0.802335 1.1995]
[0.342823 0.409052 -0.318865 0.267657 -0.492961 2.24225 -0.981912 0.424114 -0.364368]
[-1.21391 1.15608 0.904286 0.618695 0.685531 -1.01845 -0.127815 -0.127137 -1.59961]
[1.06321 -2.07571 -0.495969 -0.867346 -0.894722 1.50948 -2.476 -0.704417 1.14671]
Score: 0
============================== End of epoch 7 ==============================

bestGene:
[0.00497229 -0.0525694 -0.221349 -1.2994 1.36212 -1.78821 -0.320377 -0.802335 1.1995]
[0.342823 0.409052 -0.318865 0.267657 -0.492961 2.24225 -0.981912 0.424114 -0.364368]
[-1.21391 1.15608 0.904286 0.618695 0.685531 -1.01845 -0.127815 -0.127137 -1.59961]
[1.06321 -2.07571 -0.495969 -0.867346 -0.894722 1.50948 -2.476 -0.704417 1.14671]
Score: 0
============================== End of epoch 8 ==============================

bestGene:
[0.00497229 -0.0525694 -0.221349 -1.2994 1.36212 -1.78821 -0.320377 -0.802335 1.1995]
[0.342823 0.409052 -0.318865 0.267657 -0.492961 2.24225 -0.981912 0.424114 -0.364368]
[-1.21391 1.15608 0.904286 0.618695 0.685531 -1.01845 -0.127815 -0.127137 -1.59961]
[1.06321 -2.07571 -0.495969 -0.867346 -0.894722 1.50948 -2.476 -0.704417 1.14671]
Score: 0
============================== End of epoch 9 ==============================

bestGene:
[0.00497229 -0.0525694 -0.221349 -1.2994 1.36212 -1.78821 -0.320377 -0.802335 1.1995]
[0.342823 0.409052 -0.318865 0.267657 -0.492961 2.24225 -0.981912 0.424114 -0.364368]
[-1.21391 1.15608 0.904286 0.618695 0.685531 -1.01845 -0.127815 -0.127137 -1.59961]
[1.06321 -2.07571 -0.495969 -0.867346 -0.894722 1.50948 -2.476 -0.704417 1.14671]
Score: 0
============================== End of epoch 10 ==============================

bestGene:
[0.00497229 -0.0525694 -0.221349 -1.2994 1.36212 -1.78821 -0.320377 -0.802335 1.1995]
[0.342823 0.409052 -0.318865 0.267657 -0.492961 2.24225 -0.981912 0.424114 -0.364368]
[-1.21391 1.15608 0.904286 0.618695 0.685531 -1.01845 -0.127815 -0.127137 -1.59961]
[1.06321 -2.07571 -0.495969 -0.867346 -0.894722 1.50948 -2.476 -0.704417 1.14671]
Score: 0
============================== End of epoch 11 ==============================

bestGene:
[0.00497229 -0.0525694 -0.221349 -1.2994 1.36212 -1.78821 -0.320377 -0.802335 1.1995]
[0.342823 0.409052 -0.318865 0.267657 -0.492961 2.24225 -0.981912 0.424114 -0.364368]
[-1.21391 1.15608 0.904286 0.618695 0.685531 -1.01845 -0.127815 -0.127137 -1.59961]
[1.06321 -2.07571 -0.495969 -0.867346 -0.894722 1.50948 -2.476 -0.704417 1.14671]
Score: 0
============================== End of epoch 12 ==============================

bestGene:
[0.00497229 -0.0525694 -0.221349 -1.2994 1.36212 -1.78821 -0.320377 -0.802335 1.1995]
[0.342823 0.409052 -0.318865 0.267657 -0.492961 2.24225 -0.981912 0.424114 -0.364368]
[-1.21391 1.15608 0.904286 0.618695 0.685531 -1.01845 -0.127815 -0.127137 -1.59961]
[1.06321 -2.07571 -0.495969 -0.867346 -0.894722 1.50948 -2.476 -0.704417 1.14671]
Score: 0
============================== End of epoch 13 ==============================

bestGene:
[0.00497229 -0.0525694 -0.221349 -1.2994 1.36212 -1.78821 -0.320377 -0.802335 1.1995]
[0.342823 0.409052 -0.318865 0.267657 -0.492961 2.24225 -0.981912 0.424114 -0.364368]
[-1.21391 1.15608 0.904286 0.618695 0.685531 -1.01845 -0.127815 -0.127137 -1.59961]
[1.06321 -2.07571 -0.495969 -0.867346 -0.894722 1.50948 -2.476 -0.704417 1.14671]
Score: 0
============================== End of epoch 14 ==============================

bestGene:
[0.00497229 -0.0525694 -0.221349 -1.2994 1.36212 -1.78821 -0.320377 -0.802335 1.1995]
[0.342823 0.409052 -0.318865 0.267657 -0.492961 2.24225 -0.981912 0.424114 -0.364368]
[-1.21391 1.15608 0.904286 0.618695 0.685531 -1.01845 -0.127815 -0.127137 -1.59961]
[1.06321 -2.07571 -0.495969 -0.867346 -0.894722 1.50948 -2.476 -0.704417 1.14671]
Score: 0
============================== End of epoch 15 ==============================

bestGene:
[0.00497229 -0.0525694 -0.221349 -1.2994 1.36212 -1.78821 -0.320377 -0.802335 1.1995]
[0.342823 0.409052 -0.318865 0.267657 -0.492961 2.24225 -0.981912 0.424114 -0.364368]
[-1.21391 1.15608 0.904286 0.618695 0.685531 -1.01845 -0.127815 -0.127137 -1.59961]
[1.06321 -2.07571 -0.495969 -0.867346 -0.894722 1.50948 -2.476 -0.704417 1.14671]
Score: 0
============================== End of epoch 16 ==============================

bestGene:
[0.00497229 -0.0525694 -0.221349 -1.2994 1.36212 -1.78821 -0.320377 -0.802335 1.1995]
[0.342823 0.409052 -0.318865 0.267657 -0.492961 2.24225 -0.981912 0.424114 -0.364368]
[-1.21391 1.15608 0.904286 0.618695 0.685531 -1.01845 -0.127815 -0.127137 -1.59961]
[1.06321 -2.07571 -0.495969 -0.867346 -0.894722 1.50948 -2.476 -0.704417 1.14671]
Score: 0
============================== End of epoch 17 ==============================

bestGene:
[0.00497229 -0.0525694 -0.221349 -1.2994 1.36212 -1.78821 -0.320377 -0.802335 1.1995]
[0.342823 0.409052 -0.318865 0.267657 -0.492961 2.24225 -0.981912 0.424114 -0.364368]
[-1.21391 1.15608 0.904286 0.618695 0.685531 -1.01845 -0.127815 -0.127137 -1.59961]
[1.06321 -2.07571 -0.495969 -0.867346 -0.894722 1.50948 -2.476 -0.704417 1.14671]
Score: 0
============================== End of epoch 18 ==============================

bestGene:
[0.00497229 -0.0525694 -0.221349 -1.2994 1.36212 -1.78821 -0.320377 -0.802335 1.1995]
[0.342823 0.409052 -0.318865 0.267657 -0.492961 2.24225 -0.981912 0.424114 -0.364368]
[-1.21391 1.15608 0.904286 0.618695 0.685531 -1.01845 -0.127815 -0.127137 -1.59961]
[1.06321 -2.07571 -0.495969 -0.867346 -0.894722 1.50948 -2.476 -0.704417 1.14671]
Score: 0
============================== End of epoch 19 ==============================

bestGene:
[0.00497229 -0.0525694 -0.221349 -1.2994 1.36212 -1.78821 -0.320377 -0.802335 1.1995]
[0.342823 0.409052 -0.318865 0.267657 -0.492961 2.24225 -0.981912 0.424114 -0.364368]
[-1.21391 1.15608 0.904286 0.618695 0.685531 -1.01845 -0.127815 -0.127137 -1.59961]
[1.06321 -2.07571 -0.495969 -0.867346 -0.894722 1.50948 -2.476 -0.704417 1.14671]
Score: 0
============================== End of epoch 20 ==============================

bestGene:
[0.00497229 -0.0525694 -0.221349 -1.2994 1.36212 -1.78821 -0.320377 -0.802335 1.1995]
[0.342823 0.409052 -0.318865 0.267657 -0.492961 2.24225 -0.981912 0.424114 -0.364368]
[-1.21391 1.15608 0.904286 0.618695 0.685531 -1.01845 -0.127815 -0.127137 -1.59961]
[1.06321 -2.07571 -0.495969 -0.867346 -0.894722 1.50948 -2.476 -0.704417 1.14671]
Score: 0
============================== End of epoch 21 ==============================

bestGene:
[0.00497229 -0.0525694 -0.221349 -1.2994 1.36212 -1.78821 -0.320377 -0.802335 1.1995]
[0.342823 0.409052 -0.318865 0.267657 -0.492961 2.24225 -0.981912 0.424114 -0.364368]
[-1.21391 1.15608 0.904286 0.618695 0.685531 -1.01845 -0.127815 -0.127137 -1.59961]
[1.06321 -2.07571 -0.495969 -0.867346 -0.894722 1.50948 -2.476 -0.704417 1.14671]
Score: 0
============================== End of epoch 22 ==============================

bestGene:
[0.00497229 -0.0525694 -0.221349 -1.2994 1.36212 -1.78821 -0.320377 -0.802335 1.1995]
[0.342823 0.409052 -0.318865 0.267657 -0.492961 2.24225 -0.981912 0.424114 -0.364368]
[-1.21391 1.15608 0.904286 0.618695 0.685531 -1.01845 -0.127815 -0.127137 -1.59961]
[1.06321 -2.07571 -0.495969 -0.867346 -0.894722 1.50948 -2.476 -0.704417 1.14671]
Score: 0
============================== End of epoch 23 ==============================

bestGene:
[0.00497229 -0.0525694 -0.221349 -1.2994 1.36212 -1.78821 -0.320377 -0.802335 1.1995]
[0.342823 0.409052 -0.318865 0.267657 -0.492961 2.24225 -0.981912 0.424114 -0.364368]
[-1.21391 1.15608 0.904286 0.618695 0.685531 -1.01845 -0.127815 -0.127137 -1.59961]
[1.06321 -2.07571 -0.495969 -0.867346 -0.894722 1.50948 -2.476 -0.704417 1.14671]
Score: 0
============================== End of epoch 24 ==============================

bestGene:
[0.00497229 -0.0525694 -0.221349 -1.2994 1.36212 -1.78821 -0.320377 -0.802335 1.1995]
[0.342823 0.409052 -0.318865 0.267657 -0.492961 2.24225 -0.981912 0.424114 -0.364368]
[-1.21391 1.15608 0.904286 0.618695 0.685531 -1.01845 -0.127815 -0.127137 -1.59961]
[1.06321 -2.07571 -0.495969 -0.867346 -0.894722 1.50948 -2.476 -0.704417 1.14671]
Score: 0
============================== End of epoch 25 ==============================

bestGene:
[0.00497229 -0.0525694 -0.221349 -1.2994 1.36212 -1.78821 -0.320377 -0.802335 1.1995]
[0.342823 0.409052 -0.318865 0.267657 -0.492961 2.24225 -0.981912 0.424114 -0.364368]
[-1.21391 1.15608 0.904286 0.618695 0.685531 -1.01845 -0.127815 -0.127137 -1.59961]
[1.06321 -2.07571 -0.495969 -0.867346 -0.894722 1.50948 -2.476 -0.704417 1.14671]
Score: 0
============================== End of epoch 26 ==============================

bestGene:
[0.00497229 -0.0525694 -0.221349 -1.2994 1.36212 -1.78821 -0.320377 -0.802335 1.1995]
[0.342823 0.409052 -0.318865 0.267657 -0.492961 2.24225 -0.981912 0.424114 -0.364368]
[-1.21391 1.15608 0.904286 0.618695 0.685531 -1.01845 -0.127815 -0.127137 -1.59961]
[1.06321 -2.07571 -0.495969 -0.867346 -0.894722 1.50948 -2.476 -0.704417 1.14671]
Score: 0
============================== End of epoch 27 ==============================

bestGene:
[0.00497229 -0.0525694 -0.221349 -1.2994 1.36212 -1.78821 -0.320377 -0.802335 1.1995]
[0.342823 0.409052 -0.318865 0.267657 -0.492961 2.24225 -0.981912 0.424114 -0.364368]
[-1.21391 1.15608 0.904286 0.618695 0.685531 -1.01845 -0.127815 -0.127137 -1.59961]
[1.06321 -2.07571 -0.495969 -0.867346 -0.894722 1.50948 -2.476 -0.704417 1.14671]
Score: 0
============================== End of epoch 28 ==============================

bestGene:
[0.00497229 -0.0525694 -0.221349 -1.2994 1.36212 -1.78821 -0.320377 -0.802335 1.1995]
[0.342823 0.409052 -0.318865 0.267657 -0.492961 2.24225 -0.981912 0.424114 -0.364368]
[-1.21391 1.15608 0.904286 0.618695 0.685531 -1.01845 -0.127815 -0.127137 -1.59961]
[1.06321 -2.07571 -0.495969 -0.867346 -0.894722 1.50948 -2.476 -0.704417 1.14671]
Score: 0
============================== End of epoch 29 ==============================

bestGene:
[0.00497229 -0.0525694 -0.221349 -1.2994 1.36212 -1.78821 -0.320377 -0.802335 1.1995]
[0.342823 0.409052 -0.318865 0.267657 -0.492961 2.24225 -0.981912 0.424114 -0.364368]
[-1.21391 1.15608 0.904286 0.618695 0.685531 -1.01845 -0.127815 -0.127137 -1.59961]
[1.06321 -2.07571 -0.495969 -0.867346 -0.894722 1.50948 -2.476 -0.704417 1.14671]
Score: 0
============================== End of epoch 30 ==============================

bestGene:
[0.00497229 -0.0525694 -0.221349 -1.2994 1.36212 -1.78821 -0.320377 -0.802335 1.1995]
[0.342823 0.409052 -0.318865 0.267657 -0.492961 2.24225 -0.981912 0.424114 -0.364368]
[-1.21391 1.15608 0.904286 0.618695 0.685531 -1.01845 -0.127815 -0.127137 -1.59961]
[1.06321 -2.07571 -0.495969 -0.867346 -0.894722 1.50948 -2.476 -0.704417 1.14671]
Score: 0
============================== End of epoch 31 ==============================

bestGene:
[0.00497229 -0.0525694 -0.221349 -1.2994 1.36212 -1.78821 -0.320377 -0.802335 1.1995]
[0.342823 0.409052 -0.318865 0.267657 -0.492961 2.24225 -0.981912 0.424114 -0.364368]
[-1.21391 1.15608 0.904286 0.618695 0.685531 -1.01845 -0.127815 -0.127137 -1.59961]
[1.06321 -2.07571 -0.495969 -0.867346 -0.894722 1.50948 -2.476 -0.704417 1.14671]
Score: 0
============================== End of epoch 32 ==============================

bestGene:
[0.00497229 -0.0525694 -0.221349 -1.2994 1.36212 -1.78821 -0.320377 -0.802335 1.1995]
[0.342823 0.409052 -0.318865 0.267657 -0.492961 2.24225 -0.981912 0.424114 -0.364368]
[-1.21391 1.15608 0.904286 0.618695 0.685531 -1.01845 -0.127815 -0.127137 -1.59961]
[1.06321 -2.07571 -0.495969 -0.867346 -0.894722 1.50948 -2.476 -0.704417 1.14671]
Score: 0
============================== End of epoch 33 ==============================

bestGene:
[0.00497229 -0.0525694 -0.221349 -1.2994 1.36212 -1.78821 -0.320377 -0.802335 1.1995]
[0.342823 0.409052 -0.318865 0.267657 -0.492961 2.24225 -0.981912 0.424114 -0.364368]
[-1.21391 1.15608 0.904286 0.618695 0.685531 -1.01845 -0.127815 -0.127137 -1.59961]
[1.06321 -2.07571 -0.495969 -0.867346 -0.894722 1.50948 -2.476 -0.704417 1.14671]
Score: 0
============================== End of epoch 34 ==============================

bestGene:
[0.00497229 -0.0525694 -0.221349 -1.2994 1.36212 -1.78821 -0.320377 -0.802335 1.1995]
[0.342823 0.409052 -0.318865 0.267657 -0.492961 2.24225 -0.981912 0.424114 -0.364368]
[-1.21391 1.15608 0.904286 0.618695 0.685531 -1.01845 -0.127815 -0.127137 -1.59961]
[1.06321 -2.07571 -0.495969 -0.867346 -0.894722 1.50948 -2.476 -0.704417 1.14671]
Score: 0
============================== End of epoch 35 ==============================

bestGene:
[0.00497229 -0.0525694 -0.221349 -1.2994 1.36212 -1.78821 -0.320377 -0.802335 1.1995]
[0.342823 0.409052 -0.318865 0.267657 -0.492961 2.24225 -0.981912 0.424114 -0.364368]
[-1.21391 1.15608 0.904286 0.618695 0.685531 -1.01845 -0.127815 -0.127137 -1.59961]
[1.06321 -2.07571 -0.495969 -0.867346 -0.894722 1.50948 -2.476 -0.704417 1.14671]
Score: 0
============================== End of epoch 36 ==============================

bestGene:
[0.00497229 -0.0525694 -0.221349 -1.2994 1.36212 -1.78821 -0.320377 -0.802335 1.1995]
[0.342823 0.409052 -0.318865 0.267657 -0.492961 2.24225 -0.981912 0.424114 -0.364368]
[-1.21391 1.15608 0.904286 0.618695 0.685531 -1.01845 -0.127815 -0.127137 -1.59961]
[1.06321 -2.07571 -0.495969 -0.867346 -0.894722 1.50948 -2.476 -0.704417 1.14671]
Score: 0
============================== End of epoch 37 ==============================

bestGene:
[0.00497229 -0.0525694 -0.221349 -1.2994 1.36212 -1.78821 -0.320377 -0.802335 1.1995]
[0.342823 0.409052 -0.318865 0.267657 -0.492961 2.24225 -0.981912 0.424114 -0.364368]
[-1.21391 1.15608 0.904286 0.618695 0.685531 -1.01845 -0.127815 -0.127137 -1.59961]
[1.06321 -2.07571 -0.495969 -0.867346 -0.894722 1.50948 -2.476 -0.704417 1.14671]
Score: 0
============================== End of epoch 38 ==============================

bestGene:
[0.00497229 -0.0525694 -0.221349 -1.2994 1.36212 -1.78821 -0.320377 -0.802335 1.1995]
[0.342823 0.409052 -0.318865 0.267657 -0.492961 2.24225 -0.981912 0.424114 -0.364368]
[-1.21391 1.15608 0.904286 0.618695 0.685531 -1.01845 -0.127815 -0.127137 -1.59961]
[1.06321 -2.07571 -0.495969 -0.867346 -0.894722 1.50948 -2.476 -0.704417 1.14671]
Score: 0
============================== End of epoch 39 ==============================

bestGene:
[0.00497229 -0.0525694 -0.221349 -1.2994 1.36212 -1.78821 -0.320377 -0.802335 1.1995]
[0.342823 0.409052 -0.318865 0.267657 -0.492961 2.24225 -0.981912 0.424114 -0.364368]
[-1.21391 1.15608 0.904286 0.618695 0.685531 -1.01845 -0.127815 -0.127137 -1.59961]
[1.06321 -2.07571 -0.495969 -0.867346 -0.894722 1.50948 -2.476 -0.704417 1.14671]
Score: 0
============================== End of epoch 40 ==============================

bestGene:
[0.00497229 -0.0525694 -0.221349 -1.2994 1.36212 -1.78821 -0.320377 -0.802335 1.1995]
[0.342823 0.409052 -0.318865 0.267657 -0.492961 2.24225 -0.981912 0.424114 -0.364368]
[-1.21391 1.15608 0.904286 0.618695 0.685531 -1.01845 -0.127815 -0.127137 -1.59961]
[1.06321 -2.07571 -0.495969 -0.867346 -0.894722 1.50948 -2.476 -0.704417 1.14671]
Score: 0
============================== End of epoch 41 ==============================

bestGene:
[0.00497229 -0.0525694 -0.221349 -1.2994 1.36212 -1.78821 -0.320377 -0.802335 1.1995]
[0.342823 0.409052 -0.318865 0.267657 -0.492961 2.24225 -0.981912 0.424114 -0.364368]
[-1.21391 1.15608 0.904286 0.618695 0.685531 -1.01845 -0.127815 -0.127137 -1.59961]
[1.06321 -2.07571 -0.495969 -0.867346 -0.894722 1.50948 -2.476 -0.704417 1.14671]
Score: 0
============================== End of epoch 42 ==============================

bestGene:
[0.00497229 -0.0525694 -0.221349 -1.2994 1.36212 -1.78821 -0.320377 -0.802335 1.1995]
[0.342823 0.409052 -0.318865 0.267657 -0.492961 2.24225 -0.981912 0.424114 -0.364368]
[-1.21391 1.15608 0.904286 0.618695 0.685531 -1.01845 -0.127815 -0.127137 -1.59961]
[1.06321 -2.07571 -0.495969 -0.867346 -0.894722 1.50948 -2.476 -0.704417 1.14671]
Score: 0
============================== End of epoch 43 ==============================

bestGene:
[0.00497229 -0.0525694 -0.221349 -1.2994 1.36212 -1.78821 -0.320377 -0.802335 1.1995]
[0.342823 0.409052 -0.318865 0.267657 -0.492961 2.24225 -0.981912 0.424114 -0.364368]
[-1.21391 1.15608 0.904286 0.618695 0.685531 -1.01845 -0.127815 -0.127137 -1.59961]
[1.06321 -2.07571 -0.495969 -0.867346 -0.894722 1.50948 -2.476 -0.704417 1.14671]
Score: 0
============================== End of epoch 44 ==============================

bestGene:
[0.00497229 -0.0525694 -0.221349 -1.2994 1.36212 -1.78821 -0.320377 -0.802335 1.1995]
[0.342823 0.409052 -0.318865 0.267657 -0.492961 2.24225 -0.981912 0.424114 -0.364368]
[-1.21391 1.15608 0.904286 0.618695 0.685531 -1.01845 -0.127815 -0.127137 -1.59961]
[1.06321 -2.07571 -0.495969 -0.867346 -0.894722 1.50948 -2.476 -0.704417 1.14671]
Score: 0
============================== End of epoch 45 ==============================

bestGene:
[0.00497229 -0.0525694 -0.221349 -1.2994 1.36212 -1.78821 -0.320377 -0.802335 1.1995]
[0.342823 0.409052 -0.318865 0.267657 -0.492961 2.24225 -0.981912 0.424114 -0.364368]
[-1.21391 1.15608 0.904286 0.618695 0.685531 -1.01845 -0.127815 -0.127137 -1.59961]
[1.06321 -2.07571 -0.495969 -0.867346 -0.894722 1.50948 -2.476 -0.704417 1.14671]
Score: 0
============================== End of epoch 46 ==============================

bestGene:
[0.00497229 -0.0525694 -0.221349 -1.2994 1.36212 -1.78821 -0.320377 -0.802335 1.1995]
[0.342823 0.409052 -0.318865 0.267657 -0.492961 2.24225 -0.981912 0.424114 -0.364368]
[-1.21391 1.15608 0.904286 0.618695 0.685531 -1.01845 -0.127815 -0.127137 -1.59961]
[1.06321 -2.07571 -0.495969 -0.867346 -0.894722 1.50948 -2.476 -0.704417 1.14671]
Score: 0
============================== End of epoch 47 ==============================

bestGene:
[0.00497229 -0.0525694 -0.221349 -1.2994 1.36212 -1.78821 -0.320377 -0.802335 1.1995]
[0.342823 0.409052 -0.318865 0.267657 -0.492961 2.24225 -0.981912 0.424114 -0.364368]
[-1.21391 1.15608 0.904286 0.618695 0.685531 -1.01845 -0.127815 -0.127137 -1.59961]
[1.06321 -2.07571 -0.495969 -0.867346 -0.894722 1.50948 -2.476 -0.704417 1.14671]
Score: 0
============================== End of epoch 48 ==============================

bestGene:
[0.00497229 -0.0525694 -0.221349 -1.2994 1.36212 -1.78821 -0.320377 -0.802335 1.1995]
[0.342823 0.409052 -0.318865 0.267657 -0.492961 2.24225 -0.981912 0.424114 -0.364368]
[-1.21391 1.15608 0.904286 0.618695 0.685531 -1.01845 -0.127815 -0.127137 -1.59961]
[1.06321 -2.07571 -0.495969 -0.867346 -0.894722 1.50948 -2.476 -0.704417 1.14671]
Score: 0
============================== End of epoch 49 ==============================
